#
# GMT Mon Apr 11 16:09:17 2011
# empty_graph(127)
0 1 2 
1 3 4 
2 5 6 
3 8 7 
4 10 9 
5 11 12 
6 13 14 
7 16 15 
8 17 18 
9 20 19 
10 21 22 
11 24 23 
12 25 26 
13 27 28 
14 30 29 
15 32 31 
16 33 34 
17 35 36 
18 37 38 
19 40 39 
20 42 41 
21 43 44 
22 45 46 
23 48 47 
24 49 50 
25 52 51 
26 53 54 
27 56 55 
28 57 58 
29 59 60 
30 62 61 
31 64 63 
32 65 66 
33 67 68 
34 69 70 
35 72 71 
36 74 73 
37 75 76 
38 77 78 
39 80 79 
40 81 82 
41 84 83 
42 85 86 
43 88 87 
44 89 90 
45 91 92 
46 94 93 
47 96 95 
48 97 98 
49 99 100 
50 101 102 
51 104 103 
52 106 105 
53 107 108 
54 109 110 
55 112 111 
56 113 114 
57 116 115 
58 117 118 
59 120 119 
60 121 122 
61 123 124 
62 126 125 
63 
64 
65 
66 
67 
68 
69 
70 
71 
72 
73 
74 
75 
76 
77 
78 
79 
80 
81 
82 
83 
84 
85 
86 
87 
88 
89 
90 
91 
92 
93 
94 
95 
96 
97 
98 
99 
100 
101 
102 
103 
104 
105 
106 
107 
108 
109 
110 
111 
112 
113 
114 
115 
116 
117 
118 
119 
120 
121 
122 
123 
124 
125 
126 
