#
# GMT Mon Apr 11 16:09:36 2011
# empty_graph(85)
0 1 2 3 4 
1 8 5 6 7 
2 9 10 11 12 
3 16 13 14 15 
4 17 18 19 20 
5 24 21 22 23 
6 26 27 28 25 
7 32 29 30 31 
8 34 35 36 33 
9 40 37 38 39 
10 41 43 44 42 
11 48 45 46 47 
12 49 51 52 50 
13 56 53 54 55 
14 57 58 60 59 
15 64 61 62 63 
16 67 65 66 68 
17 72 69 70 71 
18 76 73 74 75 
19 80 77 78 79 
20 84 81 82 83 
21 
22 
23 
24 
25 
26 
27 
28 
29 
30 
31 
32 
33 
34 
35 
36 
37 
38 
39 
40 
41 
42 
43 
44 
45 
46 
47 
48 
49 
50 
51 
52 
53 
54 
55 
56 
57 
58 
59 
60 
61 
62 
63 
64 
65 
66 
67 
68 
69 
70 
71 
72 
73 
74 
75 
76 
77 
78 
79 
80 
81 
82 
83 
84 
