#
# GMT Mon Apr 11 16:40:32 2011
# barabasi_albert_graph(47,5)
0 34 5 6 39 8 10 
1 34 5 39 8 11 12 14 16 17 21 27 31 
2 32 36 5 6 7 8 9 10 11 12 13 45 18 19 24 26 27 28 37 
3 32 33 35 36 5 6 7 9 10 11 44 13 14 17 19 20 46 43 24 25 29 
4 36 5 6 7 9 46 18 21 23 25 38 28 
5 37 6 7 8 9 10 11 13 14 15 16 45 27 31 
6 7 8 10 12 13 14 15 42 46 22 23 25 26 37 36 
7 33 41 34 14 15 16 17 18 22 25 28 
8 39 38 9 15 17 18 21 41 24 27 29 
9 12 45 40 24 
10 40 11 12 16 20 22 27 29 30 31 
11 37 42 
12 32 35 37 13 15 17 28 29 30 31 
13 40 42 21 23 29 
14 41 16 33 19 20 26 30 35 
15 33 35 44 20 22 23 
16 36 43 18 19 20 21 
17 32 43 45 19 26 
18 22 30 
19 34 25 26 
20 24 
21 35 
22 39 23 
23 39 41 
24 32 45 46 
25 28 30 
26 33 38 34 
27 44 
28 40 
29 42 43 
30 31 
31 
32 
33 42 
34 38 44 46 
35 41 
36 
37 38 
38 
39 44 40 
40 
41 
42 43 
43 
44 
45 
46 
