#
# GMT Mon Apr 11 16:41:39 2011
# gnp_random_graph(127,0.37)
0 1 13 14 16 17 19 21 24 25 28 39 41 43 45 46 48 55 57 58 60 61 64 65 66 73 76 78 81 93 94 98 100 101 102 104 107 110 111 112 114 116 122 123 
1 3 5 9 11 12 14 18 21 29 32 33 36 37 38 40 45 52 56 60 64 68 71 72 73 74 76 78 84 85 86 89 94 99 100 102 103 105 106 112 113 119 120 121 124 125 
2 4 6 9 12 13 15 18 21 22 26 28 33 36 39 41 45 46 47 48 50 51 54 56 58 59 63 65 67 74 82 83 86 92 97 98 99 103 106 107 108 110 112 113 114 117 119 123 125 126 
3 4 6 7 10 11 15 16 17 18 19 20 21 25 29 30 34 35 38 43 52 55 57 62 63 66 67 68 73 77 78 80 81 82 83 84 90 95 101 102 105 106 109 114 119 120 121 124 126 
4 5 6 8 10 11 12 13 19 22 26 29 41 43 44 50 51 53 54 57 60 64 68 71 78 81 83 88 89 91 96 98 99 101 102 105 106 114 119 120 123 124 
5 15 16 17 18 22 23 25 27 28 31 32 35 36 37 40 41 42 43 44 54 56 58 59 60 61 62 67 68 72 74 75 78 79 80 89 90 91 92 94 96 97 98 103 108 110 113 120 123 
6 9 10 15 20 23 24 25 27 28 30 35 37 39 41 45 49 50 53 58 61 62 64 66 67 75 80 90 92 94 98 99 100 105 106 107 108 109 113 117 118 121 122 124 
7 8 11 16 17 19 24 25 26 30 31 32 34 36 38 39 40 45 51 55 57 58 59 60 64 66 68 72 73 79 80 82 83 86 87 89 91 94 97 99 101 113 114 117 122 124 125 
8 13 14 20 21 23 32 33 34 35 38 40 41 42 43 45 49 53 55 58 61 64 66 67 68 72 74 83 84 85 87 88 89 96 101 103 106 107 114 117 120 121 124 125 126 
9 11 13 14 18 20 25 36 37 39 41 42 43 44 47 48 55 56 59 60 61 63 64 67 68 72 73 76 77 78 80 83 84 85 86 88 95 99 104 106 107 111 113 117 118 120 121 
10 13 14 20 23 25 27 28 29 31 41 46 47 48 49 50 53 55 57 60 62 63 64 65 72 73 74 77 78 79 83 89 92 95 101 104 105 108 112 114 115 118 123 126 
11 15 16 19 20 22 27 28 30 35 39 44 47 48 52 56 58 61 65 67 74 78 79 80 86 89 94 102 106 110 113 119 125 
12 16 17 18 20 21 25 29 30 36 38 40 41 45 46 56 57 64 68 72 75 76 77 78 79 81 82 83 86 89 90 97 99 102 103 104 106 110 111 116 117 118 120 121 
13 15 17 20 24 27 31 33 34 35 39 42 46 47 48 49 50 52 54 56 59 61 68 76 78 81 83 86 92 96 98 99 106 110 111 116 119 121 122 123 
14 15 16 20 21 24 26 28 31 33 34 35 37 38 44 46 47 48 50 51 52 58 60 65 67 68 69 71 72 73 77 80 82 85 87 91 92 93 94 97 101 102 103 106 109 110 111 114 118 
15 17 21 23 24 26 30 33 35 37 39 46 47 53 56 57 58 62 64 65 66 67 69 74 76 81 82 83 84 90 93 94 98 104 105 106 111 112 117 119 124 125 
16 18 20 21 23 24 25 30 31 32 33 38 39 40 41 47 51 57 58 63 69 72 78 79 87 89 94 95 96 97 100 101 103 104 109 110 111 114 116 117 118 120 121 123 124 125 
17 23 27 28 29 30 34 36 37 42 43 45 47 48 50 52 55 57 60 61 63 65 66 75 82 85 88 97 104 106 107 108 109 110 113 121 122 123 125 126 
18 22 23 26 31 32 34 36 38 46 47 50 58 65 66 68 70 72 73 76 79 82 85 86 87 88 91 92 95 96 97 99 100 101 103 106 108 113 114 116 117 118 120 122 123 125 
19 20 23 27 28 29 30 33 35 36 37 38 41 46 49 51 53 54 56 57 60 63 64 65 68 70 74 77 78 79 83 84 86 90 92 94 97 100 101 103 109 110 117 118 
20 25 27 34 38 39 40 41 42 47 53 55 57 58 61 65 66 67 73 79 80 84 86 87 89 94 95 98 100 102 103 107 108 109 110 115 118 119 120 122 126 
21 24 26 28 29 31 34 35 36 42 57 59 61 65 66 75 78 80 81 82 86 87 88 89 94 96 99 107 116 119 120 121 
22 29 30 32 34 35 39 40 44 46 47 55 57 58 60 62 63 65 67 68 69 70 74 75 81 82 84 85 86 92 93 94 100 101 103 105 106 108 109 110 115 116 123 125 
23 26 28 30 31 33 41 42 50 51 53 60 65 70 76 77 79 80 81 84 85 86 87 89 97 105 107 108 109 110 112 113 118 123 125 
24 26 30 37 41 43 44 45 48 50 51 52 56 58 62 64 70 71 73 79 80 81 82 83 88 90 91 97 101 102 105 106 107 109 113 114 126 
25 28 29 34 36 38 39 40 41 42 45 47 49 56 59 63 68 69 72 77 78 83 86 88 91 92 93 94 98 102 105 108 109 111 115 116 119 121 
26 29 30 31 33 34 38 39 40 42 48 51 52 55 58 64 67 70 71 74 76 80 81 82 84 88 91 92 93 94 95 98 99 103 104 105 106 107 112 114 117 118 119 121 124 126 
27 28 30 32 35 37 39 42 45 46 48 49 51 52 53 56 61 62 64 66 68 71 73 76 80 83 84 90 92 93 100 107 108 111 112 114 115 116 121 123 126 
28 29 31 36 39 43 47 48 58 66 67 68 69 70 72 73 76 77 81 87 90 94 95 99 108 116 120 121 
29 30 32 34 36 38 46 47 53 55 56 57 58 59 60 64 67 70 73 77 80 83 84 86 90 94 95 97 100 101 102 103 104 107 108 110 115 117 125 126 
30 35 36 38 41 42 45 48 52 53 55 57 62 63 65 67 71 75 77 78 81 82 86 89 91 92 96 113 116 
31 33 36 37 43 44 49 54 58 61 64 66 67 69 73 74 77 78 81 88 90 91 98 105 108 109 112 115 116 118 
32 33 34 40 46 47 49 50 53 55 61 63 64 65 73 75 76 78 80 88 90 93 94 95 96 97 98 101 102 106 107 110 111 112 116 118 120 123 124 
33 42 44 46 47 50 52 56 58 59 61 62 65 68 70 71 73 76 77 79 80 82 83 84 86 89 91 94 97 103 105 109 110 111 115 120 121 123 126 
34 36 39 40 41 44 49 50 51 52 53 54 55 56 64 67 69 73 80 81 83 85 87 88 91 97 99 100 104 105 116 122 125 126 
35 37 38 44 49 52 54 55 57 60 61 64 68 70 71 73 76 82 85 86 88 90 91 97 102 105 106 108 121 125 126 
36 38 39 44 48 49 50 57 58 61 64 69 70 72 77 81 82 83 86 87 88 90 91 92 96 99 107 109 113 115 118 119 120 122 123 125 
37 45 47 48 50 55 60 61 65 68 69 70 75 78 79 81 87 90 92 93 94 96 101 103 104 106 107 108 110 116 117 118 119 121 
38 39 40 41 44 45 48 49 52 53 70 73 75 80 84 87 89 90 95 96 99 101 102 103 106 107 108 110 114 116 117 121 124 
39 40 43 44 47 52 55 56 57 59 62 63 65 69 71 72 79 80 82 83 85 86 88 94 98 99 100 104 106 107 108 109 110 111 112 115 116 118 119 121 125 
40 42 44 48 49 51 53 55 56 58 59 61 63 65 67 68 71 73 74 77 79 81 83 87 89 90 92 93 94 97 98 101 103 109 111 115 116 120 121 
41 42 43 46 47 48 49 53 57 62 63 64 65 70 73 74 77 80 81 82 88 89 93 94 97 99 105 107 110 115 119 120 124 
42 45 50 55 66 69 70 71 76 77 78 80 82 83 86 90 91 92 93 94 95 96 106 107 111 112 113 116 119 121 122 123 
43 45 46 55 57 61 64 73 76 77 82 83 87 90 100 101 102 107 108 110 112 113 114 115 117 119 123 
44 45 47 58 59 60 65 66 68 71 78 79 83 84 85 88 89 93 95 98 105 106 110 118 119 123 125 
45 52 53 60 66 68 69 73 75 78 79 80 82 83 84 86 87 88 89 90 91 96 98 103 106 112 113 114 116 117 118 119 121 122 123 126 
46 48 51 52 54 55 59 60 61 68 72 77 79 83 85 91 93 95 96 98 101 104 108 110 112 114 119 121 122 123 124 125 
47 48 51 53 54 55 56 64 65 68 70 71 72 78 80 81 82 85 88 90 93 94 95 99 101 104 107 108 112 114 117 118 120 126 
48 50 52 64 71 77 79 80 84 86 90 92 98 99 100 101 102 104 105 109 111 112 114 115 119 121 122 123 125 126 
49 52 58 60 61 64 67 70 71 72 81 84 85 87 88 93 97 100 102 104 105 106 108 112 117 122 124 125 126 
50 51 52 53 57 61 72 75 76 80 84 85 91 94 96 100 101 104 110 115 117 118 119 123 125 
51 56 61 68 71 72 73 77 78 81 84 91 92 94 96 98 100 101 102 110 111 112 113 115 119 120 124 125 
52 53 57 60 61 63 68 71 74 76 77 78 82 83 85 87 91 97 102 103 105 109 117 118 124 
53 57 60 61 65 67 68 69 74 76 77 82 83 87 88 94 101 108 112 114 116 119 120 121 126 
54 55 56 59 62 63 64 80 81 82 85 86 89 93 94 97 103 104 113 114 116 117 119 120 123 125 
55 62 66 70 71 72 74 77 78 81 82 86 87 88 91 98 101 102 103 104 105 106 109 110 111 113 116 117 118 121 122 123 
56 59 63 64 65 67 68 80 85 88 90 95 96 97 100 102 104 107 108 115 119 120 124 
57 58 61 70 71 72 73 74 78 80 82 86 89 91 92 96 97 100 104 106 108 109 112 114 118 119 122 124 126 
58 59 61 64 65 66 68 71 72 73 79 80 87 94 97 100 104 109 113 115 117 118 119 120 121 122 123 
59 60 62 63 70 71 75 79 85 87 90 92 97 98 100 104 105 111 112 114 117 118 120 122 126 
60 61 63 64 72 73 74 76 77 79 83 86 87 88 98 99 100 107 109 113 115 119 120 124 
61 67 70 71 76 77 82 83 85 88 89 91 92 99 104 109 110 111 113 114 117 122 125 
62 64 71 73 76 79 81 84 93 99 104 105 106 112 113 116 120 
63 66 67 73 76 77 78 83 87 91 94 95 97 107 110 111 114 115 118 120 121 123 124 
64 66 73 74 77 78 79 81 83 84 86 88 91 92 95 96 97 98 99 103 105 108 112 115 116 117 118 120 125 
65 69 72 78 80 81 84 85 87 90 91 93 97 98 106 107 116 124 
66 69 71 83 86 88 89 96 99 101 103 106 108 113 114 115 118 120 122 123 126 
67 69 70 72 75 77 78 79 80 81 82 83 89 91 92 95 96 98 99 102 106 110 115 118 124 
68 69 70 73 74 76 77 84 85 86 87 88 91 101 102 105 106 107 108 118 119 122 123 126 
69 70 76 79 80 82 84 87 90 97 98 99 101 102 103 105 107 108 109 110 111 113 115 116 118 120 121 124 125 
70 73 75 80 89 90 91 94 96 97 99 101 102 103 105 108 109 110 116 120 121 122 126 
71 72 75 80 81 86 89 96 105 106 109 110 111 115 118 119 121 122 124 125 126 
72 75 76 77 80 81 82 84 85 88 89 90 91 94 96 97 98 99 101 106 116 118 120 121 122 
73 75 77 78 85 86 88 90 92 99 102 103 104 111 115 118 123 124 
74 76 78 80 85 87 90 93 104 105 106 110 112 113 121 124 125 126 
75 76 78 81 82 88 89 90 91 94 95 96 97 99 103 105 109 111 112 113 117 120 122 125 
76 78 80 84 94 97 99 102 110 120 121 126 
77 80 81 82 84 85 86 89 93 98 99 100 104 107 109 112 115 117 120 121 
78 79 80 82 83 84 85 88 91 93 107 108 111 113 114 115 117 120 123 124 
79 84 87 88 89 91 92 96 103 105 107 108 109 110 113 117 118 124 125 126 
80 81 86 87 93 96 98 100 102 103 106 107 117 118 120 124 
81 82 83 84 85 92 93 96 97 102 103 104 105 107 108 110 113 116 118 119 123 124 126 
82 84 86 89 90 94 95 101 104 105 108 109 113 116 117 120 121 
83 86 89 90 95 102 103 105 107 108 114 115 116 119 121 122 
84 85 88 89 90 92 95 98 105 108 112 122 
85 87 94 95 97 99 104 106 109 110 112 115 116 118 121 123 
86 88 91 92 98 100 102 105 106 108 109 111 113 115 116 119 123 125 
87 91 95 99 101 104 106 109 110 116 117 118 120 
88 93 95 97 98 101 102 112 116 117 120 121 122 123 126 
89 91 92 93 95 100 101 102 103 108 111 113 114 115 116 118 122 125 
90 92 97 98 101 103 105 110 112 116 118 119 120 122 123 124 125 
91 92 97 100 106 109 117 120 121 122 
92 96 99 102 103 105 108 110 117 118 120 122 126 
93 94 95 99 101 104 106 107 108 112 113 116 118 120 122 124 
94 95 96 98 99 100 104 107 111 112 115 120 122 124 125 126 
95 100 101 102 104 105 106 107 110 111 115 117 119 123 125 
96 97 101 102 104 105 112 116 118 120 122 
97 99 108 110 111 112 113 115 122 
98 101 103 104 106 108 111 112 122 123 124 125 
99 101 104 107 108 111 112 118 119 122 124 
100 101 102 103 105 106 110 114 115 116 125 
101 103 104 105 107 111 112 114 119 121 122 124 
102 104 109 111 112 116 118 123 126 
103 105 107 109 110 116 118 120 123 126 
104 106 109 111 115 116 117 118 
105 111 112 115 119 
106 108 109 112 114 117 119 120 126 
107 108 110 112 113 116 117 126 
108 124 
109 114 118 119 120 121 123 124 
110 113 115 117 120 121 126 
111 118 123 124 126 
112 119 122 125 
113 114 115 117 121 123 126 
114 116 119 
115 117 120 121 123 124 
116 117 122 123 
117 
118 121 125 
119 121 123 124 
120 123 
121 122 124 126 
122 124 125 
123 126 
124 126 
125 126 
126 
