#
# GMT Mon Apr 11 16:41:26 2011
# gnp_random_graph(31,0.77)
0 1 3 5 7 8 9 11 12 13 14 15 16 17 18 19 21 22 23 24 25 26 27 28 29 30 
1 2 3 4 6 7 9 10 11 12 13 15 16 17 18 19 20 21 22 23 26 27 28 29 
2 3 4 5 10 11 12 13 14 15 16 18 19 20 22 24 25 26 27 28 29 30 
3 4 5 6 7 8 10 11 12 13 14 15 16 17 18 19 20 21 22 23 24 25 26 27 28 29 30 
4 5 8 9 10 12 13 14 15 16 17 18 19 20 21 23 24 27 28 29 
5 6 7 8 9 12 13 14 15 16 17 19 21 22 23 24 25 26 27 28 
6 7 8 9 10 11 12 14 16 19 21 24 25 26 27 28 29 30 
7 8 9 12 15 16 18 19 22 23 24 25 26 27 28 29 30 
8 11 12 13 14 15 17 18 19 20 21 22 23 24 25 26 27 28 29 30 
9 10 11 12 13 14 15 16 17 18 19 20 21 23 24 25 26 27 28 29 
10 11 12 14 15 16 18 19 20 21 22 23 25 26 27 28 29 30 
11 12 13 14 15 16 17 18 19 20 22 23 24 25 26 27 28 29 
12 13 14 15 16 18 20 21 23 24 25 26 27 28 29 30 
13 14 15 16 17 18 19 20 21 22 23 24 25 27 28 30 
14 15 16 17 18 19 22 23 24 25 26 28 29 30 
15 16 18 21 22 24 25 26 27 28 30 
16 17 18 19 21 22 23 24 25 27 28 29 
17 18 19 20 21 22 23 24 25 26 27 28 29 30 
18 19 20 21 22 25 26 28 30 
19 22 23 24 25 26 27 28 29 30 
20 21 23 24 25 26 27 28 29 30 
21 22 23 24 25 28 29 30 
22 26 28 29 30 
23 24 25 26 28 29 30 
24 27 28 29 30 
25 27 28 29 
26 27 30 
27 28 29 30 
28 29 30 
29 30 
30 
