#
# GMT Mon Apr 11 16:07:50 2011
# empty_graph(32)
0 1 2 3 4 5 6 7 8 9 10 11 12 13 14 15 16 17 18 19 20 21 22 23 24 25 26 27 28 29 30 31 
1 2 3 4 5 6 7 8 9 10 11 12 13 14 15 16 17 18 19 20 21 22 23 24 25 26 27 28 29 30 31 
2 3 4 5 6 7 8 9 10 11 12 13 14 15 16 17 18 19 20 21 22 23 24 25 26 27 28 29 30 31 
3 4 5 6 7 8 9 10 11 12 13 14 15 16 17 18 19 20 21 22 23 24 25 26 27 28 29 30 31 
4 5 6 7 8 9 10 11 12 13 14 15 16 17 18 19 20 21 22 23 24 25 26 27 28 29 30 31 
5 6 7 8 9 10 11 12 13 14 15 16 17 18 19 20 21 22 23 24 25 26 27 28 29 30 31 
6 7 8 9 10 11 12 13 14 15 16 17 18 19 20 21 22 23 24 25 26 27 28 29 30 31 
7 8 9 10 11 12 13 14 15 16 17 18 19 20 21 22 23 24 25 26 27 28 29 30 31 
8 9 10 11 12 13 14 15 16 17 18 19 20 21 22 23 24 25 26 27 28 29 30 31 
9 10 11 12 13 14 15 16 17 18 19 20 21 22 23 24 25 26 27 28 29 30 31 
10 11 12 13 14 15 16 17 18 19 20 21 22 23 24 25 26 27 28 29 30 31 
11 12 13 14 15 16 17 18 19 20 21 22 23 24 25 26 27 28 29 30 31 
12 13 14 15 16 17 18 19 20 21 22 23 24 25 26 27 28 29 30 31 
13 14 15 16 17 18 19 20 21 22 23 24 25 26 27 28 29 30 31 
14 15 16 17 18 19 20 21 22 23 24 25 26 27 28 29 30 31 
15 16 17 18 19 20 21 22 23 24 25 26 27 28 29 30 31 
16 17 18 19 20 21 22 23 24 25 26 27 28 29 30 31 
17 18 19 20 21 22 23 24 25 26 27 28 29 30 31 
18 19 20 21 22 23 24 25 26 27 28 29 30 31 
19 20 21 22 23 24 25 26 27 28 29 30 31 
20 21 22 23 24 25 26 27 28 29 30 31 
21 22 23 24 25 26 27 28 29 30 31 
22 23 24 25 26 27 28 29 30 31 
23 24 25 26 27 28 29 30 31 
24 25 26 27 28 29 30 31 
25 26 27 28 29 30 31 
26 27 28 29 30 31 
27 28 29 30 31 
28 29 30 31 
29 30 31 
30 31 
31 
