#
# GMT Mon Apr 11 16:14:20 2011
# Dorogovtsev-Goltsev-Mendes Graph
0 1 2 3 4 6 7 8 9 15 16 17 18 19 20 21 22 1177 1173 42 43 44 45 46 47 48 49 50 51 52 53 54 55 56 57 1095 1096 1097 1098 1099 1100 1101 1102 1103 1104 1105 1106 1107 1108 1109 1110 1111 1112 1113 1114 1115 1116 1117 1118 1119 1120 1121 1122 1123 1124 1125 1126 1127 1128 1129 1130 1131 1132 1133 1134 1135 1136 1137 1138 1139 1140 1141 1142 1143 1144 1145 1146 123 124 125 126 127 128 129 130 131 132 133 134 135 136 137 138 139 140 141 142 143 144 145 146 147 148 149 150 151 152 153 154 1179 1180 1181 1182 1183 1184 1185 1186 1187 1188 1189 1190 1191 1192 1193 1194 1195 1196 1197 1198 1199 1200 1201 1202 1203 1204 1205 1206 1207 1208 1209 1210 1211 1212 1213 1214 1215 1216 1217 1218 1219 1220 1221 1222 1147 1148 1149 1150 1151 1152 1153 1154 1178 1155 1156 1157 1158 1159 1160 1161 1162 1163 1164 1165 1166 1167 1168 1171 1169 1170 366 367 368 369 370 371 372 373 374 375 376 377 378 379 380 381 382 383 384 385 386 387 388 389 390 391 392 393 394 395 396 397 398 399 400 401 402 403 404 405 406 407 408 409 410 411 412 413 414 415 416 417 418 419 420 421 422 423 424 425 426 427 428 429 1172 1174 1175 1176 
1 2 3 5 6 10 11 12 15 23 24 25 26 27 28 29 42 58 59 60 61 62 63 64 65 66 67 68 69 70 71 72 123 155 156 157 158 159 160 161 162 163 164 165 166 167 168 169 170 171 172 173 174 175 176 177 178 179 180 181 182 183 184 185 1223 1224 1225 1226 1227 1228 1229 1230 1231 1232 1233 1234 1235 1236 1237 1238 1239 1240 1241 1242 1243 1244 1245 1246 1247 1248 1249 1250 1251 1252 1253 1254 1255 1256 1257 1258 1259 1260 1261 1262 1263 1264 1265 1266 1267 1268 1269 1270 1271 1272 1273 1274 1275 1276 1277 1278 1279 1280 1281 1282 1283 1284 1285 1286 1287 1288 1289 1290 1291 1292 1293 1294 1295 1296 1297 1298 1299 1300 1301 1302 1303 1304 1305 1306 1307 1308 1309 1310 1311 1312 1313 1314 1315 1316 1317 1318 1319 1320 1321 1322 1323 1324 1325 1326 1327 1328 1329 1330 1331 1332 1333 1334 1335 1336 1337 1338 1339 1340 1341 1342 1343 1344 1345 1346 1347 1348 1349 367 1095 430 431 432 433 434 435 436 437 438 439 440 441 442 443 444 445 446 447 448 449 450 451 452 453 454 455 456 457 458 459 460 461 462 463 464 465 466 467 468 469 470 471 472 473 474 475 476 477 478 479 480 481 482 483 484 485 486 487 488 489 490 491 492 
2 514 515 4 5 518 7 520 521 10 523 524 13 14 527 16 529 530 531 532 533 512 23 536 516 538 539 540 541 30 31 32 33 34 35 548 549 550 551 552 553 554 43 547 1459 513 58 522 1096 73 74 75 76 77 78 79 80 81 82 83 84 85 86 1466 546 528 124 534 535 1475 537 155 1392 1223 517 542 186 187 188 189 190 191 192 193 194 195 196 197 198 199 200 201 202 203 204 205 206 207 208 209 210 211 212 213 214 215 519 1454 1350 1351 1352 1353 1354 1355 1356 1357 1358 1359 1360 1361 1362 1363 1364 1365 1366 1367 1368 1369 1370 1371 1372 1373 1374 1375 1376 1377 1378 1379 1380 1381 1382 1383 1384 1385 1386 1387 1388 1389 1390 1391 368 1393 1394 1395 1396 1397 1398 1399 1400 1401 1402 1403 1404 1405 1406 1407 1408 1409 1410 1411 1412 1413 1414 1415 1416 1417 1418 1419 1420 1421 1422 1423 1424 1425 1426 1427 1428 1429 1430 1431 1432 1433 1434 1435 525 1437 1438 1439 1440 1441 1442 1443 1444 1445 1446 1447 1448 1436 1450 1451 1452 1453 430 1455 1456 1457 1458 1449 1460 1461 1462 1463 543 1465 526 1467 1468 1469 1470 1471 1472 1473 1474 1464 545 544 493 494 495 496 497 498 499 500 501 502 503 504 505 506 507 508 509 510 511 
3 1537 8 11 17 24 36 37 555 556 557 558 559 560 561 562 563 564 565 566 567 568 569 570 571 572 573 574 575 576 577 578 579 580 581 582 583 584 1097 87 88 89 90 91 92 125 156 1224 216 217 218 219 220 221 222 223 224 225 226 227 228 229 44 1536 59 369 431 1476 1477 1478 1479 1480 1481 1482 1483 1484 1485 1486 1487 1488 1489 1490 1491 1492 1493 1494 1495 1496 1497 1498 1499 1500 1501 1502 1503 1504 1505 1506 1507 1508 1509 1510 1511 1512 1513 1514 1515 1516 1517 1518 1519 1520 1521 1522 1523 1524 1525 1526 1527 1528 1529 1530 1531 1532 1533 1534 1535 
4 1539 1540 1541 1542 1543 1544 9 1546 1547 1548 13 1550 1551 1552 1553 18 1555 1556 1557 1558 1559 1560 1561 1562 1563 1564 1565 30 1567 1568 1569 1570 1571 1572 1573 38 39 1576 1577 1578 1579 1580 45 1582 93 1584 1585 1586 1587 1588 94 1590 1545 1592 1593 1594 95 1596 1597 1598 1599 96 97 585 1098 587 588 589 590 1549 592 593 594 595 596 597 598 599 600 601 602 603 604 605 606 607 608 609 610 611 612 613 614 1554 1538 126 1566 186 1575 1574 230 231 232 233 234 235 236 237 238 239 240 241 242 243 1581 1583 1589 1352 1591 1595 370 98 586 75 591 493 
5 12 14 1637 25 31 40 41 615 1638 60 1600 1601 1602 1603 1604 1605 1606 1607 1608 1609 1610 1611 1612 1613 1614 1615 1616 1617 1618 1619 1620 1621 1622 1623 1624 1625 1626 1627 1628 1629 1630 1631 1632 1633 1634 99 100 101 102 103 104 617 618 619 620 621 622 623 624 625 626 627 628 629 630 631 632 633 634 635 636 637 638 639 640 641 642 643 644 1641 1644 1645 1646 1647 157 1648 1642 1649 1650 1651 1652 187 1653 1643 1654 1225 1655 1656 1657 1658 1659 1660 1661 244 245 246 247 248 249 250 251 252 253 254 255 256 257 1353 616 1639 1640 432 76 1635 494 1636 
6 258 259 260 261 262 263 648 649 650 651 652 653 654 655 656 657 658 19 1667 1685 1686 1687 1688 1668 26 1691 1690 158 645 646 1689 1672 647 46 433 1673 1664 61 1671 1675 1676 1226 1099 1677 1669 1678 1665 1679 1680 1674 1681 105 106 1682 1670 1683 372 1666 1684 1663 1662 127 
7 128 264 265 266 267 268 269 659 20 661 662 663 664 665 666 667 668 669 670 671 32 1697 1693 1699 1700 1701 1702 1703 1704 1692 1706 1707 1708 1709 1710 47 1712 1713 1714 1715 1716 1694 1718 1698 1720 1721 1695 188 1711 1717 672 1355 1100 77 1719 107 108 495 373 1705 660 1696 
8 129 270 271 272 273 274 275 21 1733 673 674 675 676 37 678 679 680 681 682 555 684 685 686 48 683 1723 1724 1725 1726 1727 1728 1729 1730 1731 1732 1477 1734 1735 1736 1737 1738 1739 1740 1101 1742 1741 1744 1745 1746 1747 1748 1749 1750 1751 89 219 1722 677 109 110 374 1743 
9 130 1771 22 1538 276 277 278 279 280 281 1775 1759 1776 38 49 687 688 689 690 691 692 693 694 695 696 697 698 699 700 585 1102 1752 1753 1754 1755 1756 1757 1758 95 1760 1761 1762 1763 1764 1765 1766 1767 1768 1769 1770 235 1772 1773 1774 111 112 1777 1778 1779 1780 1781 375 
10 1792 1795 1796 1797 1798 1793 1800 1801 1802 1803 1804 1794 1806 1807 1808 1809 1810 1811 282 283 284 285 286 287 33 27 1799 434 159 701 702 703 704 705 706 707 708 709 710 711 712 713 714 1227 78 1805 1358 189 496 113 114 62 1782 1783 1784 1785 1786 1787 1788 1789 1790 1791 
11 1836 1833 1825 1812 1813 1814 1815 1816 1817 1818 1819 28 1821 1822 1823 160 289 290 291 36 293 1830 1831 1832 1820 1834 1835 556 1837 1838 1839 1840 1841 435 1826 1827 63 288 1479 1228 715 716 717 718 719 720 721 722 723 724 725 726 727 728 292 90 220 1829 115 116 1828 1824 
12 1871 1858 29 1861 161 294 295 40 297 298 299 1842 1843 436 1845 1846 1847 1848 1844 1850 1851 1852 1853 1854 1855 64 1857 1856 1859 1860 1605 1862 1863 1864 1865 1866 1867 1868 1229 1870 1869 1849 729 730 731 732 733 734 735 736 737 738 739 740 101 742 617 296 741 117 118 251 
13 1539 1901 1900 749 1895 34 1883 39 300 301 302 303 304 305 1896 1873 190 1888 586 1899 1897 79 1872 1361 1874 1875 1876 1877 1878 1879 1880 1881 1882 753 1884 1885 1886 1887 96 1889 1890 1891 1892 1893 1894 743 744 745 746 747 748 237 750 751 752 497 754 755 756 119 120 1898 
14 768 769 1923 1924 1926 1921 1928 1929 1930 1931 770 1918 1925 35 41 1927 1906 1919 306 307 308 309 310 311 191 1920 1914 1910 1607 1916 1911 80 1912 1362 1909 761 1922 762 1913 1915 102 1917 764 618 1902 1903 1904 1905 498 1907 1908 757 758 759 760 121 122 763 252 765 766 767 
15 131 772 773 774 775 776 1932 1933 1934 1935 1936 1937 1938 771 1940 1941 1942 1943 1944 1945 162 50 438 312 313 65 1230 1103 1939 381 
16 132 777 778 779 780 781 782 1946 1947 1948 1949 1950 1951 1952 1953 1954 1955 1956 1957 1958 1959 51 314 315 192 1104 81 1364 499 382 
17 133 1965 783 784 785 786 787 788 1960 1961 1962 1963 1964 557 1966 1967 1968 1969 1970 1971 52 1973 1972 316 317 1480 1105 91 222 383 
18 384 1541 134 789 790 791 792 793 794 53 1974 1975 1976 1977 1978 1979 1980 1981 318 319 1984 1985 1986 1987 587 1106 97 239 1982 1983 
19 385 261 135 654 1679 795 796 797 798 799 800 54 320 321 1988 1989 1990 1991 1992 1993 1994 1995 1996 1997 1998 1999 2000 2001 1107 106 
20 386 136 269 2009 669 801 802 803 804 805 806 55 322 323 2002 2003 1108 2005 2006 2007 2008 1700 2010 2011 2012 2013 2014 2015 108 2004 
21 387 137 2029 274 807 808 809 810 811 684 56 1729 324 325 812 1109 2016 2017 2018 2019 2020 2021 2022 2023 2024 2025 2026 2027 2028 109 
22 388 138 280 112 813 814 815 816 817 818 696 57 326 327 1110 1753 2030 2031 2032 2033 2034 2035 2036 2037 2038 2039 2040 2041 2042 2043 
23 2048 2051 2052 2053 2054 2049 2056 2057 2050 163 2055 819 820 821 822 823 824 193 66 328 329 439 1231 83 1371 501 2044 2045 2046 2047 
24 2058 2059 2060 2061 2062 2063 2064 2065 2066 2067 2068 2069 2070 2071 164 559 440 825 826 827 828 330 830 67 1482 331 1232 92 225 829 
25 2072 2073 2074 2075 2076 2077 2078 2079 2080 2081 2082 2083 2084 165 441 831 832 833 834 835 68 1611 332 333 1233 2085 103 619 836 255 
26 262 655 1680 69 166 2087 2088 2089 2090 2091 2092 2093 2094 2095 2096 2097 2098 2099 442 837 838 839 840 841 842 334 335 1234 2086 105 
27 286 70 167 2100 2101 2102 2103 2104 2105 2106 443 2108 2109 2110 2111 2112 2113 710 843 844 845 846 847 848 337 1235 336 2107 113 1789 
28 1812 292 168 2119 444 2114 2115 2116 2117 2118 71 2120 2121 2122 2123 2124 2125 2126 2127 849 850 339 852 853 854 727 851 338 115 1236 
29 2135 2140 2136 2137 2138 2139 169 299 1842 445 2133 72 2128 2129 2130 2131 340 341 2134 855 856 857 858 859 860 2141 742 118 2132 1237 
30 1543 866 862 863 2144 194 2146 2145 588 98 85 342 343 861 2142 2143 864 865 1378 2147 2148 2149 2150 2151 2152 2153 2154 2155 242 503 
31 257 2157 2161 195 1614 2168 867 86 344 345 1379 868 869 870 871 104 2156 621 2158 2159 2160 872 2162 2163 2164 2165 2166 2167 504 2169 
32 2176 2177 107 2180 2181 2182 264 2178 659 2179 2183 1712 196 82 346 347 1380 873 874 875 876 877 878 505 2170 2171 2172 2173 2174 2175 
33 2184 2185 2187 2188 2189 2190 2191 2192 2193 2194 2195 2196 2197 282 114 2186 702 197 84 348 349 1381 879 880 881 882 883 884 506 1788 
34 2198 2199 2200 2201 2202 2203 2204 2205 2206 2207 2208 2209 2210 2211 302 198 73 119 1873 350 351 1382 746 885 886 887 888 889 890 507 
35 896 2212 2213 2214 2215 2216 2217 2218 2219 2220 2221 2222 2223 2224 2225 306 199 74 352 353 1383 508 1905 757 122 891 892 893 894 895 
36 897 898 900 901 902 899 1817 288 2226 563 2228 2229 2230 2231 2232 2233 2234 2235 2236 2237 2238 2239 2227 717 1488 87 217 354 355 116 
37 903 905 906 907 908 270 674 2246 904 564 2240 2241 2242 2243 2244 2245 1734 2247 2248 2249 2250 2251 2252 2253 1489 88 218 356 357 110 
38 909 910 911 912 913 914 276 689 1545 589 2254 2255 2256 2257 2258 2259 2260 2261 2262 2263 2264 2265 2266 2267 93 1760 358 359 233 111 
39 1546 915 916 917 918 919 920 301 94 590 1874 2268 2269 2270 2271 2272 2273 2274 2275 2276 2277 2278 2279 360 361 234 744 2281 120 2280 
40 2283 2286 921 922 923 924 925 926 296 1846 2293 1617 734 99 2282 363 2284 2285 622 2287 2288 2289 2290 2291 2292 117 2294 2295 249 362 
41 2304 2305 2306 2307 2308 927 928 929 930 931 932 308 1618 2309 121 250 100 364 365 623 1906 759 2296 2297 2298 2299 2300 2301 2302 2303 
42 2310 2315 933 934 2311 2312 2313 170 139 397 1238 1111 2314 458 
43 935 200 2316 140 2317 398 1391 2320 936 2318 1112 2319 510 2321 
44 2326 2324 937 938 141 399 2322 2323 1492 2325 566 2327 1113 221 
45 1547 939 940 238 591 400 2333 142 2328 2329 1114 2331 2332 2330 
46 2336 2338 2339 260 2337 941 653 942 143 401 1685 1115 2334 2335 
47 944 2340 2341 2342 2344 1116 2343 268 943 144 1713 402 2345 668 
48 945 2347 145 2346 680 2348 2349 2350 2351 1744 273 946 403 1117 
49 1761 2356 2354 2352 2353 146 947 404 693 2355 279 948 1118 2357 
50 2363 2358 774 2360 147 1940 405 950 2359 312 2361 2362 1119 949 
51 1120 1956 2369 780 2368 148 406 951 952 315 2364 2365 2366 2367 
52 1121 2370 2371 2372 2373 2374 2375 1967 784 149 407 953 954 317 
53 1122 2376 1980 2378 2379 2380 2381 792 150 2377 408 955 956 319 
54 321 1123 2387 1996 2382 2383 2384 2385 2386 151 409 957 958 800 
55 960 322 1124 806 2392 2389 2390 2391 152 2388 410 2013 2393 959 
56 961 962 2395 325 812 2029 2399 153 2394 411 2396 2397 2398 1125 
57 2400 2402 963 964 2405 1126 327 2401 818 2403 2404 154 412 2042 
58 515 965 966 2407 2408 201 2410 171 1394 1239 474 2411 2406 2409 
59 228 967 968 2412 172 2413 2414 2415 2416 1240 1507 2417 568 475 
60 256 969 970 173 625 2418 2419 2420 2421 2422 2423 1624 1241 476 
61 263 971 972 174 2429 656 2426 1687 2424 2425 1242 2427 2428 477 
62 2432 2431 2435 2434 2433 713 973 974 175 1811 2430 1243 478 287 
63 976 293 2438 2439 2437 2441 975 176 2440 728 2436 1244 1821 479 
64 480 294 977 2444 2442 2443 2445 2446 2447 177 978 729 1851 1245 
65 2449 773 481 2452 2451 2450 2448 1937 178 979 980 2453 313 1246 
66 482 2455 2454 2049 329 179 981 982 823 2456 2457 2458 2459 1247 
67 1248 483 2465 330 2461 984 2464 180 983 825 2460 2058 2462 2463 
68 2466 2467 484 2469 2470 1249 2468 332 181 985 986 2075 2471 831 
69 1250 485 2472 2473 842 2475 2476 2477 334 2099 182 987 988 2474 
70 1251 486 843 2483 2478 2479 336 2481 2482 2480 2102 183 989 990 
71 992 2115 1252 487 2488 850 339 2484 2485 2486 2487 184 2489 991 
72 994 1253 993 488 2493 2129 340 855 185 2490 2491 2492 2494 2495 
73 2496 2497 995 996 2501 202 2498 530 2499 1396 886 2199 2500 350 
74 353 997 998 2503 2216 2505 2506 203 2504 531 1397 2502 2507 894 
75 1558 999 1000 236 204 2509 2510 2511 2512 593 2513 532 1398 2508 
76 1001 1002 2519 205 2514 626 2515 2516 533 2518 1399 1628 253 2517 
77 1003 267 1004 206 2520 1716 534 1400 2521 2522 667 2524 2525 2523 
78 2528 2529 2531 1005 1006 207 2530 1806 2527 535 1401 283 2526 703 
79 1008 1883 2532 2533 2534 2535 2536 2537 748 303 208 536 1402 1007 
80 2542 1009 2538 2539 2540 2541 2543 209 1010 309 760 537 1914 1403 
81 2544 1955 779 2546 2547 2545 210 1011 1012 2549 2548 538 1404 314 
82 539 2179 2550 876 211 1013 1014 2551 2552 2553 2554 347 1405 2555 
83 2560 2561 328 2556 1015 2050 1016 212 2558 824 540 2557 1406 2559 
84 2563 2564 2565 2566 2567 2562 349 2192 881 213 1017 1018 541 1407 
85 864 1408 2149 2568 2569 2570 2571 2572 2573 214 343 1019 1020 542 
86 1409 870 2574 2575 2576 2577 2578 2579 2166 215 345 1021 1022 543 
87 224 1024 355 901 1521 2580 2581 2582 2583 2584 569 2585 2236 1023 
88 1025 226 356 1505 907 2252 1026 567 2586 2587 2588 2589 2590 2591 
89 1027 2592 2594 1028 2597 2593 1481 685 558 2595 1746 275 2596 223 
90 2603 291 1029 1030 227 2600 2599 2602 1838 1524 726 2601 2598 572 
91 1969 785 1032 1031 2604 2605 2606 2607 2608 2609 1525 216 316 573 
92 229 1033 1034 331 2613 2610 2611 2612 574 1526 2615 2614 830 2069 
93 2619 358 1576 1035 1036 914 241 594 2616 2617 2618 2267 2620 2621 
94 2624 2625 2626 2627 361 1037 1038 240 595 1577 920 2281 2622 2623 
95 2628 2629 2630 2631 2632 1578 1039 1040 1777 243 596 2633 281 700 
96 2635 230 743 2636 2634 1579 300 2638 2637 1041 1042 597 2639 1885 
97 1974 231 1580 2642 2640 2641 1043 1044 789 598 2644 2643 318 2645 
98 2145 1046 232 2647 2646 1581 342 599 2648 2649 2650 2651 862 1045 
99 2656 1633 2657 362 2653 627 244 1047 1048 921 2652 2282 2654 2655 
100 1634 2659 2660 2662 2663 2658 365 2661 628 245 1049 1050 2300 927 
101 2668 1051 295 1864 2665 2666 2667 2669 2664 1635 629 246 731 1052 
102 2675 1636 630 1917 2672 2673 2674 307 2670 758 247 2671 1053 1054 
103 1056 833 2681 2679 333 1637 2680 2676 2677 2678 631 248 2077 1055 
104 1057 1058 2683 869 1638 2161 2687 632 2686 344 2682 2684 2685 254 
105 2688 2689 258 1059 1060 2693 839 2090 651 2690 335 2691 1688 2692 
106 320 259 2699 1061 1991 2696 2697 2698 2695 652 2694 1689 1062 798 
107 1064 265 875 2700 2701 2702 2703 2704 2705 1717 665 346 2175 1063 
108 323 804 2710 1065 266 2706 2707 2709 1718 2711 2009 666 2708 1066 
109 324 677 810 1067 1068 271 2024 2712 2713 2714 2715 2716 2717 1749 
110 2720 2721 2722 2723 678 906 2251 1069 1070 272 1750 2719 2718 357 
111 2724 2725 359 2728 2727 2726 911 1072 2729 691 2260 277 1779 1071 
112 326 2730 2731 2732 2733 2734 2735 816 1073 1074 692 278 1780 2038 
113 706 1809 2740 847 2736 337 2738 1075 1076 2739 2737 284 2110 2741 
114 707 2742 2190 880 1810 1077 1078 2743 2744 2745 2746 2747 348 285 
115 2752 289 2748 2753 2121 1840 338 723 854 1079 1080 2749 2750 2751 
116 290 2755 900 2757 2758 2756 354 2759 1841 724 1081 2754 1082 2235 
117 739 2764 2763 297 2762 363 1869 2765 2288 2760 2761 1083 1084 925 
118 2766 740 298 1870 1085 2768 2769 2770 2771 341 2134 2767 860 1086 
119 1088 1900 304 753 2772 2773 2774 2775 888 2777 1087 2776 2205 351 
120 1089 1090 360 2781 1901 305 754 919 2778 2779 2780 2280 2782 2783 
121 2784 2785 2306 931 1092 1925 2789 364 2786 1091 310 2787 2788 767 
122 352 768 896 1093 1094 2791 2792 2793 2794 2795 2220 2790 1926 311 
123 1254 1127 425 491 2796 2797 
124 1412 1128 553 426 2798 2799 
125 1537 584 1129 427 2800 2801 
126 614 1130 428 2802 2803 1599 
127 1131 429 658 2804 2805 1691 
128 1132 366 2806 2807 664 1692 
129 673 396 1133 2808 2809 1722 
130 2811 1134 687 1752 2810 379 
131 418 772 1933 1135 2812 2813 
132 1136 391 778 1947 2814 2815 
133 2816 1137 1960 783 371 2817 
134 2818 2819 395 1138 790 1975 
135 416 1139 2820 2821 1990 797 
136 803 2822 2823 424 2008 1140 
137 2020 390 2824 809 2825 1141 
138 2826 2827 815 2034 1142 376 
139 934 2313 2828 2829 1143 377 
140 936 2318 2831 2830 1144 378 
141 937 2832 2833 2324 1145 413 
142 940 2834 2835 1146 380 2333 
143 2338 2837 942 2836 1147 415 
144 417 2343 943 2838 2839 1148 
145 419 2347 946 2840 2841 1149 
146 420 2352 947 2842 2843 1150 
147 421 950 2359 2844 2845 1151 
148 1152 423 952 2365 2846 2847 
149 1153 2371 2849 394 953 2848 
150 1154 2851 393 2850 2377 955 
151 1155 2852 389 2383 958 2853 
152 1156 2854 2855 2391 414 959 
153 961 1157 422 2856 2857 2398 
154 963 2404 1158 392 2858 2859 
155 451 1255 1416 2860 2861 502 
156 1256 457 1484 2862 2863 560 
157 1257 620 1613 463 2864 2865 
158 657 1258 1681 2866 2867 446 
159 1259 2868 2869 447 714 1791 
160 448 715 1260 1813 2870 2871 
161 449 1261 1843 2872 2873 733 
162 450 771 1932 1262 2874 2875 
163 2876 489 1263 819 2044 2877 
164 452 2059 1264 826 2878 2879 
165 832 2880 453 2881 1265 2076 
166 2882 2883 837 2086 454 1266 
167 2884 2885 455 844 1267 2103 
168 2116 2886 2887 456 851 1268 
169 2888 2889 490 2130 1269 856 
170 933 2312 2891 492 1270 2890 
171 965 2410 459 2892 2893 1271 
172 2895 967 460 2894 2415 1272 
173 970 461 2896 2897 2421 1273 
174 971 462 2898 2899 1274 2427 
175 2433 974 2900 437 1275 2901 
176 2439 975 464 2902 2903 1276 
177 2445 465 978 2904 2905 1277 
178 2450 466 979 2906 2907 1278 
179 467 981 2456 2908 2909 1279 
180 1280 468 984 2911 2910 2463 
181 2912 2468 1281 469 986 2913 
182 1282 2915 2475 2914 470 988 
183 1283 2916 2917 2481 471 990 
184 1284 2918 2919 2488 472 991 
185 994 1285 2921 2920 473 2495 
186 2923 2922 1419 546 1550 592 
187 516 2924 1420 2925 624 1623 
188 517 1421 2926 2927 1714 671 
189 518 712 1422 1807 2928 2929 
190 519 1423 2930 2931 756 1881 
191 520 770 1424 2932 2933 1913 
192 521 2935 1425 2934 777 1946 
193 522 1426 820 2936 2937 2045 
194 2144 523 1427 2938 2939 861 
195 868 524 2157 1428 2940 2941 
196 873 525 1429 2171 2942 2943 
197 2944 2945 2185 526 879 1430 
198 2947 527 885 2198 1431 2946 
199 2948 2949 2214 528 1432 893 
200 2950 935 2317 529 2951 1433 
201 513 966 2952 2409 2953 1434 
202 2498 995 2954 2955 514 1435 
203 998 2505 2956 2957 1436 511 
204 999 551 2958 2511 2959 1437 
205 1002 2960 2961 500 2516 1438 
206 512 1004 2962 2963 2523 1439 
207 1440 545 1006 2964 2528 2965 
208 1441 547 2535 1007 2966 2967 
209 548 2539 1442 1009 2968 2969 
210 1443 549 2545 1012 2970 2971 
211 1444 550 1014 2552 2972 2973 
212 1445 552 1016 2975 2974 2559 
213 2976 2977 2564 1446 554 1017 
214 2979 1447 2569 2978 1019 509 
215 544 2980 2981 1448 2575 1022 
216 2982 1031 2983 2607 1522 570 
217 902 2984 2985 1523 571 2237 
218 2986 2987 908 2253 1485 561 
219 2988 2989 686 1487 562 1747 
220 2990 1839 720 1490 565 2991 
221 938 1527 2992 2993 2327 575 
222 576 2994 2995 788 1528 1972 
223 577 1028 2597 2996 2997 1529 
224 578 2999 2580 2998 1530 1023 
225 579 2060 3000 3001 827 1531 
226 1025 580 3003 3002 2587 1532 
227 581 1030 2601 3005 3004 1533 
228 582 968 2412 3006 1534 3007 
229 3008 3009 583 1034 2610 1535 
230 3010 3011 2634 1585 1042 600 
231 3013 2640 1586 1044 601 3012 
232 3014 3015 1587 1045 2647 602 
233 3016 3017 913 1588 2265 603 
234 3018 3019 1589 604 2270 917 
235 3020 1778 3021 690 1590 605 
236 1000 2510 3023 3022 1591 606 
237 1892 751 3024 3025 1592 607 
238 608 939 3026 3027 1593 2330 
239 609 3028 3029 791 1977 1594 
240 2625 610 1037 3030 3031 1595 
241 611 2620 1035 3032 3033 1596 
242 2148 612 3034 3035 1597 863 
243 613 2630 1039 3036 3037 1598 
244 1650 3038 1048 633 2654 3039 
245 3040 3041 2660 1651 634 1050 
246 3042 635 2667 3043 1652 1051 
247 3044 2673 1653 636 1054 3045 
248 3046 3047 1654 2680 637 1055 
249 3049 3048 2290 926 1655 638 
250 2307 932 3050 3051 1656 639 
251 640 3052 3053 1871 1657 741 
252 641 769 1928 3055 3054 1658 
253 642 1001 3056 3057 2519 1659 
254 1058 643 3058 3059 1660 2687 
255 836 2085 644 3060 3061 1661 
256 1600 615 969 2418 3062 3063 
257 1603 616 2156 867 3064 3065 
258 2688 1059 645 3066 3067 1662 
259 646 2695 3069 3068 1061 1663 
260 1664 647 941 3070 2334 3071 
261 3072 1665 1989 3073 648 796 
262 1666 3075 838 2087 649 3074 
263 1667 3076 3077 650 972 2424 
264 3078 874 3079 662 2172 1693 
265 1063 3080 3081 2701 663 1694 
266 672 1065 3082 3083 2709 1695 
267 1696 1003 3084 3085 660 2521 
268 1697 2341 3086 944 3087 670 
269 1698 805 3088 3089 661 2010 
270 905 682 2248 3090 3091 1723 
271 679 1068 3092 3093 1724 2717 
272 2722 675 1069 3094 3095 1725 
273 681 2349 945 3096 3097 1726 
274 676 2026 811 3098 3099 1727 
275 1728 1027 2596 683 3100 3101 
276 912 694 2264 1754 3102 3103 
277 3104 3105 2728 1071 695 1755 
278 688 3106 3107 2735 1074 1756 
279 3108 3109 2356 697 948 1757 
280 3110 3111 817 2041 698 1758 
281 2632 1040 3112 3113 699 1759 
282 709 3115 2194 882 1782 3114 
283 2530 3116 1005 3117 1783 701 
284 711 3118 3119 1076 2741 1784 
285 704 3120 3121 1078 1785 2747 
286 2113 708 848 3122 3123 1786 
287 705 2435 973 3124 3125 1787 
288 897 2226 722 3126 3127 1822 
289 719 1814 1079 3128 3129 2748 
290 2754 716 1815 1081 3130 3131 
291 1029 2598 721 1816 3132 3133 
292 2114 1837 849 725 3134 3135 
293 3136 3137 2437 718 976 1818 
294 3138 3139 2443 977 1844 732 
295 737 3140 2665 1845 1052 3141 
296 738 3142 3143 1867 2284 922 
297 3144 2761 3145 1847 1083 735 
298 736 3146 3147 2767 1848 1085 
299 3148 3149 2131 1849 857 730 
300 745 2636 3150 3151 1041 1875 
301 2272 3152 752 3153 1876 918 
302 747 3154 3155 1877 887 2202 
303 2534 1008 755 3156 3157 1878 
304 749 2773 3158 1879 3159 1087 
305 1090 750 1880 3161 3160 2781 
306 2218 1907 761 3162 3163 895 
307 3165 2671 1908 762 3164 1053 
308 2304 930 1909 763 3166 3167 
309 3168 3169 2541 1010 1910 764 
310 1092 3170 3171 2788 1911 765 
311 3172 3173 1094 2795 1912 766 
312 3174 775 3175 949 1943 2362 
313 776 3177 3176 980 2453 1944 
314 1957 3178 3179 781 1011 2549 
315 2369 1958 3180 3181 782 951 
316 1032 1970 3182 3183 2608 786 
317 3185 2375 3184 787 954 1971 
318 1986 3187 3186 1043 2645 793 
319 1987 2381 3188 794 956 3189 
320 1988 1062 2694 3190 3191 795 
321 1993 2382 3192 3193 957 799 
322 960 801 2003 2389 3194 3195 
323 802 1066 2706 2004 3196 3197 
324 2017 807 1067 2712 3198 3199 
325 3200 3201 962 808 2018 2396 
326 2032 3202 3203 2730 813 1073 
327 2402 964 3205 3204 814 2033 
328 3206 3207 821 1015 2556 2046 
329 822 3208 3209 982 2455 2047 
330 3210 3211 2062 983 828 2461 
331 1033 3212 3213 2063 2613 829 
332 834 2467 3214 3215 985 2079 
333 1056 2080 835 3216 3217 2678 
334 840 2474 2092 3218 3219 987 
335 1060 2693 2093 3220 3221 841 
336 846 989 2480 3222 3223 2109 
337 845 2738 1075 3224 3225 2107 
338 2120 853 1080 3226 3227 2749 
339 992 2117 3228 852 2487 3229 
340 993 2493 2132 858 3230 3231 
341 3232 3233 2769 2133 859 1086 
342 865 3235 2150 3234 1046 2648 
343 866 3236 3237 2151 2570 1020 
344 1057 3238 871 3239 2167 2686 
345 872 3241 2576 3240 2168 1021 
346 3243 2182 1064 3242 877 2704 
347 2183 3244 3245 878 1013 2555 
348 2195 3246 3247 883 1077 2746 
349 2562 3248 3249 2196 1018 884 
350 996 2501 2210 3250 3251 889 
351 1088 2211 3252 3253 2777 890 
352 2212 1093 2790 3254 3255 891 
353 997 2502 3256 3257 892 2213 
354 898 2756 2228 1082 3259 3258 
355 1024 899 2582 2234 3260 3261 
356 2241 1026 903 2588 3262 3263 
357 3264 3265 2242 2723 904 1070 
358 3266 3267 1036 909 2255 2616 
359 2256 2724 3269 910 1072 3268 
360 1089 3270 2780 3271 915 2268 
361 3272 3273 1038 916 2269 2622 
362 3274 3275 2285 1047 923 2652 
363 924 2762 3276 3277 2286 1084 
364 928 2786 1091 3278 3279 2301 
365 929 2658 3280 3281 1049 2302 
366 2807 1159 
367 1160 1286 
368 1161 1450 
369 1536 1162 
370 1544 1163 
371 2816 1164 
372 1690 1165 
373 1720 1166 
374 1751 1167 
375 1168 1781 
376 1169 2826 
377 1170 2828 
378 1171 2831 
379 1172 2810 
380 2835 1173 
381 1945 1174 
382 1959 1175 
383 1176 1973 
384 1177 1978 
385 1178 1994 
386 1179 2011 
387 2016 1180 
388 1181 2031 
389 2852 1182 
390 2825 1183 
391 1184 2815 
392 1185 2858 
393 1186 2850 
394 2849 1187 
395 2818 1188 
396 2808 1189 
397 2314 1190 
398 2319 1191 
399 1192 2325 
400 1193 2332 
401 1194 2339 
402 2344 1195 
403 1196 2351 
404 2354 1197 
405 2360 1198 
406 2366 1199 
407 1200 2372 
408 1201 2378 
409 2384 1202 
410 2392 1203 
411 1204 2399 
412 1205 2405 
413 2833 1206 
414 2855 1207 
415 1208 2837 
416 1209 2820 
417 1210 2838 
418 2812 1211 
419 1212 2841 
420 2843 1213 
421 2844 1214 
422 2856 1215 
423 1216 2847 
424 2822 1217 
425 1218 2797 
426 1219 2799 
427 2801 1220 
428 2802 1221 
429 2805 1222 
430 1452 1287 
431 1288 1495 
432 1620 1289 
433 1290 1686 
434 1291 1790 
435 1292 1820 
436 1850 1293 
437 2901 1294 
438 1295 1942 
439 1296 2054 
440 2065 1297 
441 1298 2082 
442 1299 2098 
443 2112 1300 
444 1301 2127 
445 1302 2141 
446 2866 1303 
447 1304 2869 
448 2870 1305 
449 1306 2873 
450 1307 2874 
451 1308 2860 
452 1309 2879 
453 1310 2881 
454 2883 1311 
455 1312 2885 
456 2886 1313 
457 1314 2863 
458 2315 1315 
459 2892 1316 
460 1317 2894 
461 1318 2897 
462 2899 1319 
463 1320 2865 
464 2902 1321 
465 1322 2905 
466 1323 2906 
467 2908 1324 
468 1325 2911 
469 1326 2913 
470 2915 1327 
471 1328 2917 
472 2918 1329 
473 1330 2921 
474 2411 1331 
475 1332 2417 
476 1333 2423 
477 1334 2429 
478 2434 1335 
479 1336 2441 
480 2442 1337 
481 2449 1338 
482 1339 2454 
483 2460 1340 
484 2466 1341 
485 2472 1342 
486 2478 1343 
487 1344 2485 
488 2492 1345 
489 1346 2876 
490 1347 2889 
491 1348 2796 
492 2890 1349 
493 1457 1540 
494 1644 1458 
495 1459 1719 
496 1808 1460 
497 1896 1461 
498 1920 1462 
499 1954 1463 
500 1464 2960 
501 1465 2052 
502 1466 2861 
503 1467 2146 
504 2164 1468 
505 1469 2181 
506 2184 1470 
507 2209 1471 
508 1472 2222 
509 1473 2979 
510 2321 1474 
511 2957 1475 
512 2962 1370 
513 2952 1393 
514 2955 1350 
515 2406 1351 
516 1373 2925 
517 1417 2927 
518 2929 1354 
519 1449 2931 
520 2932 1356 
521 1357 2934 
522 1395 2937 
523 2938 1359 
524 1360 2941 
525 1451 2943 
526 2944 1454 
527 1363 2947 
528 1411 2948 
529 1365 2950 
530 2499 1366 
531 2506 1367 
532 1368 2513 
533 1369 2518 
534 2524 1413 
535 2529 1414 
536 2536 1372 
537 2543 1415 
538 2548 1374 
539 2550 1375 
540 1376 2561 
541 1377 2567 
542 1418 2573 
543 2579 1453 
544 1456 2980 
545 1455 2964 
546 2923 1410 
547 1392 2966 
548 1384 2969 
549 1385 2971 
550 1386 2973 
551 1387 2959 
552 1388 2974 
553 1389 2798 
554 2977 1390 
555 1740 1491 
556 1819 1478 
557 1493 1961 
558 2595 1494 
559 2064 1483 
560 1496 2862 
561 1497 2986 
562 1498 2988 
563 2233 1499 
564 2250 1500 
565 1501 2991 
566 2326 1502 
567 2591 1503 
568 1504 2416 
569 2584 1517 
570 1506 2982 
571 2984 1476 
572 2603 1508 
573 2609 1509 
574 2614 1510 
575 2993 1511 
576 1512 2994 
577 1513 2997 
578 1514 2998 
579 3001 1515 
580 1516 3003 
581 3004 1486 
582 1518 3007 
583 3009 1519 
584 1520 2800 
585 1776 1556 
586 1882 1557 
587 1976 1554 
588 2147 1559 
589 1560 2258 
590 1561 2271 
591 1562 2331 
592 1563 2922 
593 2512 1564 
594 2621 1565 
595 2626 1566 
596 2631 1567 
597 1568 2639 
598 2644 1569 
599 2649 1570 
600 3010 1571 
601 1572 3013 
602 1573 3014 
603 1574 3017 
604 3018 1575 
605 1548 3021 
606 1549 3023 
607 3025 1551 
608 1552 3026 
609 3028 1555 
610 3030 1542 
611 1582 3033 
612 3034 1583 
613 1584 3037 
614 1553 2803 
615 1641 3063 
616 3064 1647 
617 1866 1639 
618 1640 1919 
619 2078 1601 
620 2864 1642 
621 2162 1643 
622 1610 2287 
623 2303 1645 
624 2924 1646 
625 1616 2422 
626 1648 2517 
627 1649 2653 
628 2659 1622 
629 1625 2666 
630 1626 2670 
631 2679 1627 
632 2685 1629 
633 3039 1631 
634 1632 3040 
635 1608 3043 
636 3045 1615 
637 1619 3047 
638 3048 1630 
639 3051 1604 
640 3052 1612 
641 3054 1621 
642 3057 1606 
643 1609 3059 
644 1602 3061 
645 3067 1682 
646 3068 1683 
647 1684 3071 
648 3072 1668 
649 3074 1669 
650 3076 1670 
651 2692 1671 
652 1672 2697 
653 2336 1673 
654 1995 1674 
655 2097 1675 
656 2428 1676 
657 2867 1677 
658 2804 1678 
659 1699 2180 
660 1721 3085 
661 1701 3089 
662 3079 1702 
663 1703 3081 
664 1704 2806 
665 1705 2703 
666 1706 2710 
667 2525 1707 
668 2345 1708 
669 2015 1709 
670 3087 1710 
671 1711 2926 
672 1715 3082 
673 1730 2809 
674 2240 1731 
675 1732 3094 
676 3099 1733 
677 2713 1748 
678 2718 1735 
679 1736 3093 
680 2348 1737 
681 1738 3097 
682 1739 3091 
683 1745 3101 
684 2023 1741 
685 2594 1742 
686 2989 1743 
687 2811 1762 
688 1763 3107 
689 1764 2262 
690 3020 1765 
691 2727 1766 
692 2734 1767 
693 1768 2355 
694 3103 1769 
695 3104 1770 
696 1771 2039 
697 1772 3109 
698 1773 3110 
699 3113 1774 
700 1775 2633 
701 1792 3116 
702 2197 1793 
703 2531 1794 
704 3120 1795 
705 3124 1796 
706 2736 1797 
707 1798 2742 
708 3123 1799 
709 1800 3115 
710 1801 2101 
711 1802 3119 
712 2928 1803 
713 1804 2430 
714 2868 1805 
715 2871 1823 
716 1824 3130 
717 2232 1825 
718 3137 1826 
719 3129 1827 
720 1828 2990 
721 3132 1829 
722 1830 3127 
723 2750 1831 
724 1832 2757 
725 1833 3135 
726 2602 1834 
727 1835 2125 
728 2440 1836 
729 1852 2447 
730 1853 3149 
731 2668 1854 
732 3138 1855 
733 1856 2872 
734 1857 2295 
735 1858 3145 
736 1859 3146 
737 3140 1860 
738 1861 3142 
739 2760 1862 
740 2766 1863 
741 1868 3053 
742 2128 1865 
743 2635 1886 
744 2273 1887 
745 1888 3150 
746 2200 1889 
747 1890 3154 
748 2533 1891 
749 1872 3159 
750 3161 1893 
751 3024 1894 
752 3152 1895 
753 1884 2774 
754 1897 2782 
755 1898 3157 
756 2930 1899 
757 1921 2219 
758 2672 1922 
759 1923 2305 
760 1924 2542 
761 1915 3162 
762 3164 1916 
763 3167 1927 
764 3169 1918 
765 1929 3171 
766 1930 3173 
767 1931 2789 
768 1902 2791 
769 3055 1903 
770 1904 2933 
771 2875 1941 
772 2813 1934 
773 2448 1935 
774 1936 2358 
775 1939 3174 
776 3176 1938 
777 1948 2935 
778 1949 2814 
779 2544 1950 
780 2364 1951 
781 1952 3179 
782 1953 3180 
783 1962 2817 
784 2370 1963 
785 1964 2604 
786 1965 3183 
787 1966 3185 
788 1968 2995 
789 1979 2643 
790 2819 1981 
791 3029 1982 
792 2376 1983 
793 1984 3187 
794 1985 3188 
795 1997 3190 
796 3073 1998 
797 2821 1999 
798 2000 2699 
799 3193 2001 
800 1992 2387 
801 3195 2002 
802 3196 2014 
803 2012 2823 
804 2707 2005 
805 3088 2006 
806 2007 2390 
807 2019 3199 
808 3200 2025 
809 2824 2028 
810 2714 2021 
811 2022 3098 
812 2027 2397 
813 2035 3203 
814 2036 3205 
815 2827 2037 
816 2731 2030 
817 2043 3111 
818 2040 2403 
819 2056 2877 
820 2936 2051 
821 2057 3207 
822 3209 2053 
823 2048 2459 
824 2055 2560 
825 2465 2066 
826 2067 2878 
827 3000 2068 
828 2061 3210 
829 3213 2070 
830 2615 2071 
831 2083 2471 
832 2072 2880 
833 2084 2677 
834 3214 2073 
835 2074 3217 
836 3060 2081 
837 2882 2095 
838 3075 2094 
839 2088 2691 
840 2089 3218 
841 2096 3221 
842 2473 2091 
843 2104 2479 
844 2105 2884 
845 3224 2106 
846 3222 2111 
847 2108 2737 
848 3122 2100 
849 3134 2119 
850 2486 2118 
851 2126 2887 
852 2122 3229 
853 3227 2123 
854 2124 2751 
855 2494 2135 
856 2136 2888 
857 2137 3148 
858 2138 3231 
859 3233 2139 
860 2770 2140 
861 2153 2939 
862 2650 2154 
863 3035 2155 
864 2568 2142 
865 3234 2143 
866 2152 3236 
867 3065 2165 
868 2940 2158 
869 2169 2684 
870 2159 2574 
871 2160 3239 
872 3240 2163 
873 2173 2942 
874 3078 2174 
875 2170 2702 
876 2176 2551 
877 2177 3243 
878 2178 3245 
879 2187 2945 
880 2188 2743 
881 2563 2189 
882 3114 2186 
883 3246 2191 
884 3249 2193 
885 2203 2946 
886 2204 2500 
887 2201 3155 
888 2775 2206 
889 3251 2207 
890 2208 3253 
891 2221 3254 
892 3256 2215 
893 2949 2223 
894 2224 2507 
895 2225 3163 
896 2792 2217 
897 2227 3126 
898 3258 2239 
899 3261 2238 
900 2755 2229 
901 2583 2230 
902 2985 2231 
903 2243 3263 
904 3264 2249 
905 3090 2244 
906 2719 2245 
907 2246 2589 
908 2987 2247 
909 2257 3267 
910 2259 3269 
911 2266 2725 
912 3102 2261 
913 3016 2254 
914 2619 2263 
915 2275 3271 
916 3272 2276 
917 3019 2277 
918 3153 2278 
919 2279 2783 
920 2274 2627 
921 2289 2657 
922 2291 3143 
923 2292 3274 
924 2293 3277 
925 2294 2765 
926 2283 3049 
927 2309 2663 
928 2296 3278 
929 3281 2297 
930 2298 3166 
931 2784 2299 
932 2308 3050 
933 2891 2310 
934 2829 2311 
935 2316 2951 
936 2320 2830 
937 2832 2322 
938 2992 2323 
939 2328 3027 
940 2329 2834 
941 3070 2335 
942 2337 2836 
943 2839 2342 
944 2340 3086 
945 2346 3096 
946 2350 2840 
947 2842 2353 
948 3108 2357 
949 2363 3175 
950 2361 2845 
951 3181 2367 
952 2368 2846 
953 2848 2373 
954 3184 2374 
955 2851 2379 
956 3189 2380 
957 3192 2385 
958 2386 2853 
959 2393 2854 
960 2388 3194 
961 2394 2857 
962 3201 2395 
963 2400 2859 
964 3204 2401 
965 2893 2407 
966 2408 2953 
967 2413 2895 
968 3006 2414 
969 2419 3062 
970 2896 2420 
971 2425 2898 
972 2426 3077 
973 2431 3125 
974 2432 2900 
975 2903 2438 
976 3136 2436 
977 3139 2444 
978 2904 2446 
979 2451 2907 
980 2452 3177 
981 2457 2909 
982 3208 2458 
983 2464 3211 
984 2910 2462 
985 2469 3215 
986 2912 2470 
987 3219 2476 
988 2914 2477 
989 2482 3223 
990 2483 2916 
991 2489 2919 
992 3228 2484 
993 2491 3230 
994 2490 2920 
995 2496 2954 
996 3250 2497 
997 3257 2503 
998 2504 2956 
999 2508 2958 
1000 2509 3022 
1001 3056 2514 
1002 2961 2515 
1003 2520 3084 
1004 2522 2963 
1005 2526 3117 
1006 2527 2965 
1007 2537 2967 
1008 3156 2532 
1009 2538 2968 
1010 3168 2540 
1011 3178 2546 
1012 2547 2970 
1013 2553 3244 
1014 2972 2554 
1015 2557 3206 
1016 2558 2975 
1017 2976 2565 
1018 3248 2566 
1019 2978 2571 
1020 3237 2572 
1021 3241 2577 
1022 2578 2981 
1023 2585 2999 
1024 3260 2581 
1025 2586 3002 
1026 3262 2590 
1027 2592 3100 
1028 2996 2593 
1029 3133 2599 
1030 2600 3005 
1031 2606 2983 
1032 2605 3182 
1033 2611 3212 
1034 3008 2612 
1035 3032 2617 
1036 3266 2618 
1037 3031 2623 
1038 2624 3273 
1039 3036 2628 
1040 3112 2629 
1041 2637 3151 
1042 3011 2638 
1043 3186 2641 
1044 2642 3012 
1045 2651 3015 
1046 3235 2646 
1047 3275 2655 
1048 2656 3038 
1049 3280 2661 
1050 3041 2662 
1051 2664 3042 
1052 3141 2669 
1053 2674 3165 
1054 2675 3044 
1055 2681 3046 
1056 3216 2676 
1057 2682 3238 
1058 3058 2683 
1059 3066 2689 
1060 2690 3220 
1061 2696 3069 
1062 2698 3191 
1063 3080 2705 
1064 2700 3242 
1065 2708 3083 
1066 3197 2711 
1067 2715 3198 
1068 3092 2716 
1069 2720 3095 
1070 2721 3265 
1071 2729 3105 
1072 3268 2726 
1073 3202 2732 
1074 3106 2733 
1075 3225 2739 
1076 2740 3118 
1077 2744 3247 
1078 2745 3121 
1079 2752 3128 
1080 2753 3226 
1081 3131 2758 
1082 3259 2759 
1083 3144 2763 
1084 3276 2764 
1085 2768 3147 
1086 3232 2771 
1087 2776 3158 
1088 3252 2772 
1089 2778 3270 
1090 2779 3160 
1091 2787 3279 
1092 3170 2785 
1093 2793 3255 
1094 3172 2794 
1095 
1096 
1097 
1098 
1099 
1100 
1101 
1102 
1103 
1104 
1105 
1106 
1107 
1108 
1109 
1110 
1111 
1112 
1113 
1114 
1115 
1116 
1117 
1118 
1119 
1120 
1121 
1122 
1123 
1124 
1125 
1126 
1127 
1128 
1129 
1130 
1131 
1132 
1133 
1134 
1135 
1136 
1137 
1138 
1139 
1140 
1141 
1142 
1143 
1144 
1145 
1146 
1147 
1148 
1149 
1150 
1151 
1152 
1153 
1154 
1155 
1156 
1157 
1158 
1159 
1160 
1161 
1162 
1163 
1164 
1165 
1166 
1167 
1168 
1169 
1170 
1171 
1172 
1173 
1174 
1175 
1176 
1177 
1178 
1179 
1180 
1181 
1182 
1183 
1184 
1185 
1186 
1187 
1188 
1189 
1190 
1191 
1192 
1193 
1194 
1195 
1196 
1197 
1198 
1199 
1200 
1201 
1202 
1203 
1204 
1205 
1206 
1207 
1208 
1209 
1210 
1211 
1212 
1213 
1214 
1215 
1216 
1217 
1218 
1219 
1220 
1221 
1222 
1223 
1224 
1225 
1226 
1227 
1228 
1229 
1230 
1231 
1232 
1233 
1234 
1235 
1236 
1237 
1238 
1239 
1240 
1241 
1242 
1243 
1244 
1245 
1246 
1247 
1248 
1249 
1250 
1251 
1252 
1253 
1254 
1255 
1256 
1257 
1258 
1259 
1260 
1261 
1262 
1263 
1264 
1265 
1266 
1267 
1268 
1269 
1270 
1271 
1272 
1273 
1274 
1275 
1276 
1277 
1278 
1279 
1280 
1281 
1282 
1283 
1284 
1285 
1286 
1287 
1288 
1289 
1290 
1291 
1292 
1293 
1294 
1295 
1296 
1297 
1298 
1299 
1300 
1301 
1302 
1303 
1304 
1305 
1306 
1307 
1308 
1309 
1310 
1311 
1312 
1313 
1314 
1315 
1316 
1317 
1318 
1319 
1320 
1321 
1322 
1323 
1324 
1325 
1326 
1327 
1328 
1329 
1330 
1331 
1332 
1333 
1334 
1335 
1336 
1337 
1338 
1339 
1340 
1341 
1342 
1343 
1344 
1345 
1346 
1347 
1348 
1349 
1350 
1351 
1352 
1353 
1354 
1355 
1356 
1357 
1358 
1359 
1360 
1361 
1362 
1363 
1364 
1365 
1366 
1367 
1368 
1369 
1370 
1371 
1372 
1373 
1374 
1375 
1376 
1377 
1378 
1379 
1380 
1381 
1382 
1383 
1384 
1385 
1386 
1387 
1388 
1389 
1390 
1391 
1392 
1393 
1394 
1395 
1396 
1397 
1398 
1399 
1400 
1401 
1402 
1403 
1404 
1405 
1406 
1407 
1408 
1409 
1410 
1411 
1412 
1413 
1414 
1415 
1416 
1417 
1418 
1419 
1420 
1421 
1422 
1423 
1424 
1425 
1426 
1427 
1428 
1429 
1430 
1431 
1432 
1433 
1434 
1435 
1436 
1437 
1438 
1439 
1440 
1441 
1442 
1443 
1444 
1445 
1446 
1447 
1448 
1449 
1450 
1451 
1452 
1453 
1454 
1455 
1456 
1457 
1458 
1459 
1460 
1461 
1462 
1463 
1464 
1465 
1466 
1467 
1468 
1469 
1470 
1471 
1472 
1473 
1474 
1475 
1476 
1477 
1478 
1479 
1480 
1481 
1482 
1483 
1484 
1485 
1486 
1487 
1488 
1489 
1490 
1491 
1492 
1493 
1494 
1495 
1496 
1497 
1498 
1499 
1500 
1501 
1502 
1503 
1504 
1505 
1506 
1507 
1508 
1509 
1510 
1511 
1512 
1513 
1514 
1515 
1516 
1517 
1518 
1519 
1520 
1521 
1522 
1523 
1524 
1525 
1526 
1527 
1528 
1529 
1530 
1531 
1532 
1533 
1534 
1535 
1536 
1537 
1538 
1539 
1540 
1541 
1542 
1543 
1544 
1545 
1546 
1547 
1548 
1549 
1550 
1551 
1552 
1553 
1554 
1555 
1556 
1557 
1558 
1559 
1560 
1561 
1562 
1563 
1564 
1565 
1566 
1567 
1568 
1569 
1570 
1571 
1572 
1573 
1574 
1575 
1576 
1577 
1578 
1579 
1580 
1581 
1582 
1583 
1584 
1585 
1586 
1587 
1588 
1589 
1590 
1591 
1592 
1593 
1594 
1595 
1596 
1597 
1598 
1599 
1600 
1601 
1602 
1603 
1604 
1605 
1606 
1607 
1608 
1609 
1610 
1611 
1612 
1613 
1614 
1615 
1616 
1617 
1618 
1619 
1620 
1621 
1622 
1623 
1624 
1625 
1626 
1627 
1628 
1629 
1630 
1631 
1632 
1633 
1634 
1635 
1636 
1637 
1638 
1639 
1640 
1641 
1642 
1643 
1644 
1645 
1646 
1647 
1648 
1649 
1650 
1651 
1652 
1653 
1654 
1655 
1656 
1657 
1658 
1659 
1660 
1661 
1662 
1663 
1664 
1665 
1666 
1667 
1668 
1669 
1670 
1671 
1672 
1673 
1674 
1675 
1676 
1677 
1678 
1679 
1680 
1681 
1682 
1683 
1684 
1685 
1686 
1687 
1688 
1689 
1690 
1691 
1692 
1693 
1694 
1695 
1696 
1697 
1698 
1699 
1700 
1701 
1702 
1703 
1704 
1705 
1706 
1707 
1708 
1709 
1710 
1711 
1712 
1713 
1714 
1715 
1716 
1717 
1718 
1719 
1720 
1721 
1722 
1723 
1724 
1725 
1726 
1727 
1728 
1729 
1730 
1731 
1732 
1733 
1734 
1735 
1736 
1737 
1738 
1739 
1740 
1741 
1742 
1743 
1744 
1745 
1746 
1747 
1748 
1749 
1750 
1751 
1752 
1753 
1754 
1755 
1756 
1757 
1758 
1759 
1760 
1761 
1762 
1763 
1764 
1765 
1766 
1767 
1768 
1769 
1770 
1771 
1772 
1773 
1774 
1775 
1776 
1777 
1778 
1779 
1780 
1781 
1782 
1783 
1784 
1785 
1786 
1787 
1788 
1789 
1790 
1791 
1792 
1793 
1794 
1795 
1796 
1797 
1798 
1799 
1800 
1801 
1802 
1803 
1804 
1805 
1806 
1807 
1808 
1809 
1810 
1811 
1812 
1813 
1814 
1815 
1816 
1817 
1818 
1819 
1820 
1821 
1822 
1823 
1824 
1825 
1826 
1827 
1828 
1829 
1830 
1831 
1832 
1833 
1834 
1835 
1836 
1837 
1838 
1839 
1840 
1841 
1842 
1843 
1844 
1845 
1846 
1847 
1848 
1849 
1850 
1851 
1852 
1853 
1854 
1855 
1856 
1857 
1858 
1859 
1860 
1861 
1862 
1863 
1864 
1865 
1866 
1867 
1868 
1869 
1870 
1871 
1872 
1873 
1874 
1875 
1876 
1877 
1878 
1879 
1880 
1881 
1882 
1883 
1884 
1885 
1886 
1887 
1888 
1889 
1890 
1891 
1892 
1893 
1894 
1895 
1896 
1897 
1898 
1899 
1900 
1901 
1902 
1903 
1904 
1905 
1906 
1907 
1908 
1909 
1910 
1911 
1912 
1913 
1914 
1915 
1916 
1917 
1918 
1919 
1920 
1921 
1922 
1923 
1924 
1925 
1926 
1927 
1928 
1929 
1930 
1931 
1932 
1933 
1934 
1935 
1936 
1937 
1938 
1939 
1940 
1941 
1942 
1943 
1944 
1945 
1946 
1947 
1948 
1949 
1950 
1951 
1952 
1953 
1954 
1955 
1956 
1957 
1958 
1959 
1960 
1961 
1962 
1963 
1964 
1965 
1966 
1967 
1968 
1969 
1970 
1971 
1972 
1973 
1974 
1975 
1976 
1977 
1978 
1979 
1980 
1981 
1982 
1983 
1984 
1985 
1986 
1987 
1988 
1989 
1990 
1991 
1992 
1993 
1994 
1995 
1996 
1997 
1998 
1999 
2000 
2001 
2002 
2003 
2004 
2005 
2006 
2007 
2008 
2009 
2010 
2011 
2012 
2013 
2014 
2015 
2016 
2017 
2018 
2019 
2020 
2021 
2022 
2023 
2024 
2025 
2026 
2027 
2028 
2029 
2030 
2031 
2032 
2033 
2034 
2035 
2036 
2037 
2038 
2039 
2040 
2041 
2042 
2043 
2044 
2045 
2046 
2047 
2048 
2049 
2050 
2051 
2052 
2053 
2054 
2055 
2056 
2057 
2058 
2059 
2060 
2061 
2062 
2063 
2064 
2065 
2066 
2067 
2068 
2069 
2070 
2071 
2072 
2073 
2074 
2075 
2076 
2077 
2078 
2079 
2080 
2081 
2082 
2083 
2084 
2085 
2086 
2087 
2088 
2089 
2090 
2091 
2092 
2093 
2094 
2095 
2096 
2097 
2098 
2099 
2100 
2101 
2102 
2103 
2104 
2105 
2106 
2107 
2108 
2109 
2110 
2111 
2112 
2113 
2114 
2115 
2116 
2117 
2118 
2119 
2120 
2121 
2122 
2123 
2124 
2125 
2126 
2127 
2128 
2129 
2130 
2131 
2132 
2133 
2134 
2135 
2136 
2137 
2138 
2139 
2140 
2141 
2142 
2143 
2144 
2145 
2146 
2147 
2148 
2149 
2150 
2151 
2152 
2153 
2154 
2155 
2156 
2157 
2158 
2159 
2160 
2161 
2162 
2163 
2164 
2165 
2166 
2167 
2168 
2169 
2170 
2171 
2172 
2173 
2174 
2175 
2176 
2177 
2178 
2179 
2180 
2181 
2182 
2183 
2184 
2185 
2186 
2187 
2188 
2189 
2190 
2191 
2192 
2193 
2194 
2195 
2196 
2197 
2198 
2199 
2200 
2201 
2202 
2203 
2204 
2205 
2206 
2207 
2208 
2209 
2210 
2211 
2212 
2213 
2214 
2215 
2216 
2217 
2218 
2219 
2220 
2221 
2222 
2223 
2224 
2225 
2226 
2227 
2228 
2229 
2230 
2231 
2232 
2233 
2234 
2235 
2236 
2237 
2238 
2239 
2240 
2241 
2242 
2243 
2244 
2245 
2246 
2247 
2248 
2249 
2250 
2251 
2252 
2253 
2254 
2255 
2256 
2257 
2258 
2259 
2260 
2261 
2262 
2263 
2264 
2265 
2266 
2267 
2268 
2269 
2270 
2271 
2272 
2273 
2274 
2275 
2276 
2277 
2278 
2279 
2280 
2281 
2282 
2283 
2284 
2285 
2286 
2287 
2288 
2289 
2290 
2291 
2292 
2293 
2294 
2295 
2296 
2297 
2298 
2299 
2300 
2301 
2302 
2303 
2304 
2305 
2306 
2307 
2308 
2309 
2310 
2311 
2312 
2313 
2314 
2315 
2316 
2317 
2318 
2319 
2320 
2321 
2322 
2323 
2324 
2325 
2326 
2327 
2328 
2329 
2330 
2331 
2332 
2333 
2334 
2335 
2336 
2337 
2338 
2339 
2340 
2341 
2342 
2343 
2344 
2345 
2346 
2347 
2348 
2349 
2350 
2351 
2352 
2353 
2354 
2355 
2356 
2357 
2358 
2359 
2360 
2361 
2362 
2363 
2364 
2365 
2366 
2367 
2368 
2369 
2370 
2371 
2372 
2373 
2374 
2375 
2376 
2377 
2378 
2379 
2380 
2381 
2382 
2383 
2384 
2385 
2386 
2387 
2388 
2389 
2390 
2391 
2392 
2393 
2394 
2395 
2396 
2397 
2398 
2399 
2400 
2401 
2402 
2403 
2404 
2405 
2406 
2407 
2408 
2409 
2410 
2411 
2412 
2413 
2414 
2415 
2416 
2417 
2418 
2419 
2420 
2421 
2422 
2423 
2424 
2425 
2426 
2427 
2428 
2429 
2430 
2431 
2432 
2433 
2434 
2435 
2436 
2437 
2438 
2439 
2440 
2441 
2442 
2443 
2444 
2445 
2446 
2447 
2448 
2449 
2450 
2451 
2452 
2453 
2454 
2455 
2456 
2457 
2458 
2459 
2460 
2461 
2462 
2463 
2464 
2465 
2466 
2467 
2468 
2469 
2470 
2471 
2472 
2473 
2474 
2475 
2476 
2477 
2478 
2479 
2480 
2481 
2482 
2483 
2484 
2485 
2486 
2487 
2488 
2489 
2490 
2491 
2492 
2493 
2494 
2495 
2496 
2497 
2498 
2499 
2500 
2501 
2502 
2503 
2504 
2505 
2506 
2507 
2508 
2509 
2510 
2511 
2512 
2513 
2514 
2515 
2516 
2517 
2518 
2519 
2520 
2521 
2522 
2523 
2524 
2525 
2526 
2527 
2528 
2529 
2530 
2531 
2532 
2533 
2534 
2535 
2536 
2537 
2538 
2539 
2540 
2541 
2542 
2543 
2544 
2545 
2546 
2547 
2548 
2549 
2550 
2551 
2552 
2553 
2554 
2555 
2556 
2557 
2558 
2559 
2560 
2561 
2562 
2563 
2564 
2565 
2566 
2567 
2568 
2569 
2570 
2571 
2572 
2573 
2574 
2575 
2576 
2577 
2578 
2579 
2580 
2581 
2582 
2583 
2584 
2585 
2586 
2587 
2588 
2589 
2590 
2591 
2592 
2593 
2594 
2595 
2596 
2597 
2598 
2599 
2600 
2601 
2602 
2603 
2604 
2605 
2606 
2607 
2608 
2609 
2610 
2611 
2612 
2613 
2614 
2615 
2616 
2617 
2618 
2619 
2620 
2621 
2622 
2623 
2624 
2625 
2626 
2627 
2628 
2629 
2630 
2631 
2632 
2633 
2634 
2635 
2636 
2637 
2638 
2639 
2640 
2641 
2642 
2643 
2644 
2645 
2646 
2647 
2648 
2649 
2650 
2651 
2652 
2653 
2654 
2655 
2656 
2657 
2658 
2659 
2660 
2661 
2662 
2663 
2664 
2665 
2666 
2667 
2668 
2669 
2670 
2671 
2672 
2673 
2674 
2675 
2676 
2677 
2678 
2679 
2680 
2681 
2682 
2683 
2684 
2685 
2686 
2687 
2688 
2689 
2690 
2691 
2692 
2693 
2694 
2695 
2696 
2697 
2698 
2699 
2700 
2701 
2702 
2703 
2704 
2705 
2706 
2707 
2708 
2709 
2710 
2711 
2712 
2713 
2714 
2715 
2716 
2717 
2718 
2719 
2720 
2721 
2722 
2723 
2724 
2725 
2726 
2727 
2728 
2729 
2730 
2731 
2732 
2733 
2734 
2735 
2736 
2737 
2738 
2739 
2740 
2741 
2742 
2743 
2744 
2745 
2746 
2747 
2748 
2749 
2750 
2751 
2752 
2753 
2754 
2755 
2756 
2757 
2758 
2759 
2760 
2761 
2762 
2763 
2764 
2765 
2766 
2767 
2768 
2769 
2770 
2771 
2772 
2773 
2774 
2775 
2776 
2777 
2778 
2779 
2780 
2781 
2782 
2783 
2784 
2785 
2786 
2787 
2788 
2789 
2790 
2791 
2792 
2793 
2794 
2795 
2796 
2797 
2798 
2799 
2800 
2801 
2802 
2803 
2804 
2805 
2806 
2807 
2808 
2809 
2810 
2811 
2812 
2813 
2814 
2815 
2816 
2817 
2818 
2819 
2820 
2821 
2822 
2823 
2824 
2825 
2826 
2827 
2828 
2829 
2830 
2831 
2832 
2833 
2834 
2835 
2836 
2837 
2838 
2839 
2840 
2841 
2842 
2843 
2844 
2845 
2846 
2847 
2848 
2849 
2850 
2851 
2852 
2853 
2854 
2855 
2856 
2857 
2858 
2859 
2860 
2861 
2862 
2863 
2864 
2865 
2866 
2867 
2868 
2869 
2870 
2871 
2872 
2873 
2874 
2875 
2876 
2877 
2878 
2879 
2880 
2881 
2882 
2883 
2884 
2885 
2886 
2887 
2888 
2889 
2890 
2891 
2892 
2893 
2894 
2895 
2896 
2897 
2898 
2899 
2900 
2901 
2902 
2903 
2904 
2905 
2906 
2907 
2908 
2909 
2910 
2911 
2912 
2913 
2914 
2915 
2916 
2917 
2918 
2919 
2920 
2921 
2922 
2923 
2924 
2925 
2926 
2927 
2928 
2929 
2930 
2931 
2932 
2933 
2934 
2935 
2936 
2937 
2938 
2939 
2940 
2941 
2942 
2943 
2944 
2945 
2946 
2947 
2948 
2949 
2950 
2951 
2952 
2953 
2954 
2955 
2956 
2957 
2958 
2959 
2960 
2961 
2962 
2963 
2964 
2965 
2966 
2967 
2968 
2969 
2970 
2971 
2972 
2973 
2974 
2975 
2976 
2977 
2978 
2979 
2980 
2981 
2982 
2983 
2984 
2985 
2986 
2987 
2988 
2989 
2990 
2991 
2992 
2993 
2994 
2995 
2996 
2997 
2998 
2999 
3000 
3001 
3002 
3003 
3004 
3005 
3006 
3007 
3008 
3009 
3010 
3011 
3012 
3013 
3014 
3015 
3016 
3017 
3018 
3019 
3020 
3021 
3022 
3023 
3024 
3025 
3026 
3027 
3028 
3029 
3030 
3031 
3032 
3033 
3034 
3035 
3036 
3037 
3038 
3039 
3040 
3041 
3042 
3043 
3044 
3045 
3046 
3047 
3048 
3049 
3050 
3051 
3052 
3053 
3054 
3055 
3056 
3057 
3058 
3059 
3060 
3061 
3062 
3063 
3064 
3065 
3066 
3067 
3068 
3069 
3070 
3071 
3072 
3073 
3074 
3075 
3076 
3077 
3078 
3079 
3080 
3081 
3082 
3083 
3084 
3085 
3086 
3087 
3088 
3089 
3090 
3091 
3092 
3093 
3094 
3095 
3096 
3097 
3098 
3099 
3100 
3101 
3102 
3103 
3104 
3105 
3106 
3107 
3108 
3109 
3110 
3111 
3112 
3113 
3114 
3115 
3116 
3117 
3118 
3119 
3120 
3121 
3122 
3123 
3124 
3125 
3126 
3127 
3128 
3129 
3130 
3131 
3132 
3133 
3134 
3135 
3136 
3137 
3138 
3139 
3140 
3141 
3142 
3143 
3144 
3145 
3146 
3147 
3148 
3149 
3150 
3151 
3152 
3153 
3154 
3155 
3156 
3157 
3158 
3159 
3160 
3161 
3162 
3163 
3164 
3165 
3166 
3167 
3168 
3169 
3170 
3171 
3172 
3173 
3174 
3175 
3176 
3177 
3178 
3179 
3180 
3181 
3182 
3183 
3184 
3185 
3186 
3187 
3188 
3189 
3190 
3191 
3192 
3193 
3194 
3195 
3196 
3197 
3198 
3199 
3200 
3201 
3202 
3203 
3204 
3205 
3206 
3207 
3208 
3209 
3210 
3211 
3212 
3213 
3214 
3215 
3216 
3217 
3218 
3219 
3220 
3221 
3222 
3223 
3224 
3225 
3226 
3227 
3228 
3229 
3230 
3231 
3232 
3233 
3234 
3235 
3236 
3237 
3238 
3239 
3240 
3241 
3242 
3243 
3244 
3245 
3246 
3247 
3248 
3249 
3250 
3251 
3252 
3253 
3254 
3255 
3256 
3257 
3258 
3259 
3260 
3261 
3262 
3263 
3264 
3265 
3266 
3267 
3268 
3269 
3270 
3271 
3272 
3273 
3274 
3275 
3276 
3277 
3278 
3279 
3280 
3281 
