#
# GMT Mon Apr 11 16:43:22 2011
# dense_gnm_random_graph(64,1024)
0 1 2 3 4 7 8 10 11 13 14 18 20 21 22 23 25 27 28 29 32 34 37 38 41 43 44 53 54 55 56 57 58 59 60 62 
1 2 4 5 9 10 11 12 16 17 18 19 21 22 24 25 26 27 29 32 35 36 42 44 47 48 50 51 53 55 61 63 
2 6 8 9 10 11 12 13 14 16 19 21 26 27 28 29 30 31 34 35 36 37 40 41 42 44 46 47 49 50 54 55 57 59 61 
3 6 8 9 10 12 15 16 18 19 20 21 24 25 27 28 29 33 34 38 39 40 41 42 44 46 47 49 54 57 59 63 
4 5 7 8 9 10 12 13 15 17 19 22 24 26 28 29 31 34 35 36 37 38 40 42 44 46 47 48 49 50 51 52 56 57 63 
5 8 10 12 15 16 17 18 19 20 21 22 23 25 29 30 37 38 40 43 45 46 47 48 49 53 54 55 57 60 61 62 
6 8 9 10 12 14 15 17 18 20 21 24 27 31 32 33 34 35 38 42 47 49 52 53 55 56 60 62 
7 9 10 15 16 18 19 20 21 26 28 30 31 32 35 38 39 43 46 47 49 51 52 54 56 57 58 63 
8 11 12 14 18 23 24 25 26 27 30 33 36 38 39 43 44 48 49 50 51 52 53 54 55 59 61 63 
9 11 12 17 18 20 21 23 24 25 29 31 32 33 34 36 38 42 45 46 48 49 50 51 54 56 57 59 63 
10 16 18 23 26 27 29 31 33 34 35 39 40 42 43 46 49 50 52 53 54 57 58 59 61 63 
11 12 19 22 23 25 27 28 29 32 33 37 39 42 45 46 47 48 49 50 52 54 58 59 60 61 62 
12 13 15 16 17 21 22 23 24 25 27 28 29 31 32 33 35 36 41 42 44 46 47 50 51 52 54 56 58 60 62 
13 15 17 18 22 23 29 32 34 35 38 40 42 51 52 56 57 59 60 61 62 
14 16 23 26 28 29 37 38 39 40 42 43 46 48 49 50 51 53 54 55 57 58 60 62 
15 16 17 21 22 24 25 26 27 33 36 37 40 41 42 43 44 45 48 50 51 55 57 58 62 
16 17 18 19 20 21 24 25 26 27 28 30 31 33 35 37 39 40 42 43 44 45 46 47 49 50 51 57 59 60 61 63 
17 21 22 23 24 26 27 28 29 30 32 33 35 40 45 46 47 49 55 56 58 61 62 
18 20 22 23 25 26 27 28 30 32 33 34 35 36 37 38 39 40 41 46 47 49 50 51 52 54 55 60 61 62 
19 21 22 23 27 28 31 32 34 35 36 43 44 47 49 50 51 58 60 63 
20 21 24 27 28 30 32 34 35 40 43 46 48 52 54 55 57 58 60 61 
21 24 28 29 31 32 34 37 41 42 43 46 47 48 49 50 52 53 54 57 58 59 60 61 62 63 
22 24 27 28 29 31 32 35 36 39 41 45 46 48 50 53 55 59 60 61 63 
23 24 25 26 27 28 30 31 32 33 34 35 36 38 40 46 49 50 51 55 57 58 59 62 
24 28 29 35 36 41 42 44 46 48 49 51 52 58 59 60 61 63 
25 26 28 30 32 33 34 36 38 40 41 42 44 46 48 52 55 56 57 58 59 60 61 63 
26 27 29 32 35 39 45 46 48 49 50 51 53 54 55 59 60 63 
27 29 31 33 36 38 39 40 44 45 46 49 51 52 53 60 61 63 
28 31 32 35 36 39 40 41 43 44 47 50 51 52 53 54 55 56 59 61 62 63 
29 30 32 34 35 39 41 49 51 52 53 54 55 56 57 61 
30 32 36 37 39 40 41 43 44 48 50 53 55 56 57 59 61 62 
31 32 33 35 37 38 43 44 45 49 51 52 53 56 57 58 59 61 63 
32 36 37 38 40 42 44 47 48 51 53 54 55 56 59 62 
33 34 36 38 41 46 49 50 51 53 54 56 61 62 63 
34 35 36 37 39 40 45 46 48 51 54 56 57 60 62 
35 36 37 38 42 44 46 47 49 51 53 54 60 61 62 
36 37 38 42 43 47 48 49 50 51 56 60 62 63 
37 41 45 52 55 56 59 60 63 
38 39 41 42 43 44 46 49 53 54 57 59 61 
39 40 41 42 43 45 50 51 52 53 54 56 58 59 62 
40 42 46 47 48 49 50 51 53 56 57 58 59 61 63 
41 44 46 49 50 51 53 58 59 60 63 
42 44 45 47 51 52 55 57 59 60 61 
43 44 45 46 47 48 50 52 55 57 61 62 
44 46 49 52 53 54 55 57 
45 46 47 48 50 52 55 57 58 59 60 62 63 
46 47 48 49 54 56 57 58 
47 48 49 50 51 53 54 58 61 62 
48 49 51 55 58 60 61 62 
49 50 53 54 56 58 61 62 63 
50 51 53 54 56 57 58 59 60 63 
51 54 55 61 
52 53 55 57 61 62 63 
53 55 57 58 59 61 63 
54 57 60 
55 57 58 59 60 
56 58 63 
57 58 59 60 
58 61 63 
59 62 
60 
61 
62 63 
63 
