#
# GMT Mon Apr 11 16:42:49 2011
# dense_gnm_random_graph(32,256)
0 1 3 5 6 7 8 10 11 12 13 14 20 21 25 26 27 28 29 
1 2 3 4 5 8 9 10 11 14 15 16 18 19 21 22 23 25 26 29 30 31 
2 3 4 5 9 10 14 16 18 20 21 22 24 30 31 
3 4 11 13 14 15 16 18 19 20 23 25 27 29 31 
4 5 7 8 11 12 15 16 20 25 26 30 31 
5 6 12 13 14 18 22 26 27 29 31 
6 8 10 11 13 15 16 18 23 24 28 29 31 
7 8 10 14 16 17 18 23 24 25 26 27 30 
8 10 11 16 17 18 20 23 24 26 27 29 31 
9 11 13 16 17 18 19 24 26 31 
10 11 13 14 17 18 21 25 26 27 28 29 31 
11 12 13 14 18 20 21 22 23 24 25 26 28 29 31 
12 15 16 17 18 19 20 21 22 23 24 26 27 31 
13 14 15 18 19 21 22 23 24 26 30 31 
14 16 17 19 20 22 26 30 31 
15 17 22 25 28 30 
16 17 22 27 28 29 31 
17 20 22 27 28 29 31 
18 19 20 25 26 27 29 30 31 
19 22 25 26 27 29 31 
20 21 24 25 27 28 
21 23 25 27 30 
22 23 24 25 26 
23 24 25 26 27 29 
24 26 29 30 31 
25 27 29 30 31 
26 29 30 
27 28 
28 30 31 
29 31 
30 31 
31 
