#
# GMT Mon Apr 11 16:37:24 2011
# fast_gnp_random_graph(43,0.8)
0 1 3 5 6 7 8 9 10 11 12 15 16 17 18 19 20 22 23 24 25 28 29 30 31 34 36 37 39 42 
1 2 3 4 5 6 7 9 10 11 12 13 14 15 16 17 18 20 21 22 23 24 25 27 28 29 30 33 34 35 36 38 39 40 41 42 
2 3 6 7 8 9 10 11 12 14 15 17 18 19 20 21 22 23 25 26 27 28 29 30 31 32 33 34 36 40 41 42 
3 4 5 6 8 9 10 11 12 13 14 15 17 19 20 21 22 23 24 25 26 27 28 29 30 31 32 33 34 35 37 38 39 40 41 42 
4 5 6 8 9 12 13 14 16 17 18 19 20 21 22 23 24 25 27 28 29 30 31 32 33 34 35 36 37 38 39 40 42 
5 6 7 8 10 11 15 16 17 18 20 21 23 24 25 26 28 29 30 31 32 33 34 36 37 38 40 41 42 
6 8 9 10 11 12 13 14 15 17 19 20 22 23 24 25 26 27 28 29 30 31 34 35 37 38 39 40 41 42 
7 8 9 12 14 15 16 17 18 19 20 21 23 24 25 26 28 29 30 31 35 36 37 38 42 
8 9 10 11 12 13 14 15 16 17 18 19 20 21 22 24 25 26 27 28 29 30 31 32 33 35 37 38 39 40 41 42 
9 10 11 13 14 16 18 20 22 23 24 25 26 27 28 29 30 31 32 34 35 36 37 38 40 42 
10 11 12 13 14 15 16 17 18 19 20 21 22 23 24 25 26 27 28 29 30 31 32 34 35 36 38 39 40 41 42 
11 12 13 14 15 16 17 18 19 20 21 22 23 24 25 27 28 29 30 31 32 34 35 36 37 38 39 41 42 
12 13 14 16 17 19 20 21 23 25 26 28 29 31 32 33 34 35 36 37 38 39 41 
13 14 18 21 22 23 24 25 26 30 31 32 33 36 37 38 39 41 42 
14 15 16 18 19 21 22 23 25 27 28 29 32 33 34 35 36 37 38 39 40 41 42 
15 16 18 19 20 21 22 23 24 26 27 28 30 32 33 34 36 37 39 40 41 42 
16 17 19 22 23 25 27 28 30 31 32 33 34 35 36 39 40 41 42 
17 18 19 20 21 22 23 24 25 27 28 29 30 31 33 35 36 37 38 39 40 41 42 
18 19 20 22 23 24 25 26 27 28 29 30 31 32 33 34 35 36 37 38 40 41 42 
19 20 21 23 24 25 27 28 29 30 31 32 33 34 35 36 37 38 39 40 41 42 
20 21 22 25 26 27 28 30 32 33 35 37 38 39 40 41 42 
21 22 23 24 25 26 27 28 29 30 31 32 33 34 35 36 37 38 39 40 41 
22 24 25 26 27 28 29 30 31 32 33 37 39 40 41 42 
23 24 25 26 27 28 30 31 32 33 34 35 36 38 39 40 41 42 
24 25 27 28 29 30 31 32 34 35 36 37 38 39 
25 27 28 29 32 33 34 37 38 39 40 41 42 
26 27 28 29 32 34 35 36 38 39 40 41 42 
27 28 32 33 34 35 36 37 38 39 40 41 42 
28 30 31 32 33 34 36 37 38 39 40 41 
29 30 32 33 34 36 37 38 39 40 42 
30 31 32 33 35 36 37 38 39 40 42 
31 32 35 37 38 39 40 41 
32 33 34 35 36 38 39 40 42 
33 34 35 36 37 38 39 40 41 42 
34 36 37 39 40 41 42 
35 36 37 38 39 41 42 
36 37 38 39 40 42 
37 38 40 41 
38 39 40 41 
39 40 41 42 
40 42 
41 
42 
