#
# GMT Mon Apr 11 16:37:02 2011
# fast_gnp_random_graph(23,0.75)
0 1 2 3 5 6 7 8 9 11 12 13 14 19 20 21 
1 2 3 4 5 6 7 9 10 11 14 16 18 22 
2 3 7 8 9 12 13 15 16 18 19 20 21 22 
3 4 5 6 8 12 13 15 17 18 19 20 21 22 
4 6 7 8 9 10 11 12 14 15 16 17 20 22 
5 6 7 10 11 12 13 14 15 16 17 18 22 
6 7 8 10 11 12 13 14 15 19 20 22 
7 8 9 10 12 13 14 16 17 18 20 21 
8 9 10 11 12 13 15 17 20 21 22 
9 10 13 14 15 16 17 19 20 21 22 
10 11 12 14 15 18 19 20 
11 12 13 14 16 18 20 22 
12 13 15 17 18 19 21 22 
13 15 16 17 18 19 20 22 
14 17 19 21 22 
15 16 18 19 20 21 22 
16 17 18 19 21 22 
17 18 19 20 21 
18 19 20 
19 20 21 
20 21 22 
21 22 
22 
