#
# GMT Mon Apr 11 16:17:04 2011
# grid_2d_graph
(7, 3) (6, 3) (7, 4) (8, 3) (7, 2) 
(4, 7) (3, 7) (5, 7) (4, 6) (4, 8) 
(1, 3) (1, 2) (0, 3) (2, 3) (1, 4) 
(4, 8) (3, 8) (5, 8) 
(3, 0) (2, 0) (3, 1) (4, 0) 
(2, 8) (3, 8) (2, 7) (1, 8) 
(8, 0) (8, 1) (7, 0) 
(7, 8) (8, 8) (6, 8) (7, 7) 
(5, 4) (6, 4) (4, 4) (5, 5) (5, 3) 
(0, 7) (0, 6) (0, 8) (1, 7) 
(5, 6) (5, 5) (5, 7) (4, 6) (6, 6) 
(2, 6) (2, 7) (2, 5) (1, 6) (3, 6) 
(1, 6) (0, 6) (1, 7) (1, 5) 
(5, 1) (5, 2) (6, 1) (4, 1) (5, 0) 
(3, 7) (2, 7) (3, 8) (3, 6) 
(0, 3) (0, 2) (0, 4) 
(8, 5) (8, 6) (7, 5) (8, 4) 
(2, 5) (1, 5) (2, 4) (3, 5) 
(5, 8) (5, 7) (6, 8) 
(4, 0) (4, 1) (5, 0) 
(1, 2) (1, 1) (0, 2) (2, 2) 
(7, 4) (6, 4) (7, 5) (8, 4) 
(6, 4) (6, 3) (6, 5) 
(3, 3) (3, 4) (3, 2) (2, 3) (4, 3) 
(0, 6) (0, 5) 
(8, 1) (8, 2) (7, 1) 
(7, 6) (8, 6) (7, 5) (7, 7) (6, 6) 
(4, 4) (4, 5) (3, 4) (4, 3) 
(6, 3) (6, 2) (5, 3) 
(1, 5) (0, 5) (1, 4) 
(8, 8) (8, 7) 
(7, 2) (6, 2) (8, 2) (7, 1) 
(3, 6) (4, 6) (3, 5) 
(2, 2) (3, 2) (2, 3) (2, 1) 
(7, 7) (6, 7) (8, 7) 
(5, 7) (6, 7) 
(5, 3) (5, 2) (4, 3) 
(4, 1) (3, 1) (4, 2) 
(1, 1) (0, 1) (1, 0) (2, 1) 
(2, 7) (1, 7) 
(3, 2) (4, 2) (3, 1) 
(0, 0) (0, 1) (1, 0) 
(6, 6) (6, 7) (6, 5) 
(5, 0) (6, 0) 
(7, 1) (6, 1) (7, 0) 
(4, 5) (4, 6) (5, 5) (3, 5) 
(0, 4) (0, 5) (1, 4) 
(5, 5) (6, 5) 
(1, 4) (2, 4) 
(6, 0) (6, 1) (7, 0) 
(7, 5) (6, 5) 
(2, 3) (2, 4) 
(2, 1) (2, 0) (3, 1) 
(8, 7) (8, 6) 
(6, 8) (6, 7) 
(4, 2) (5, 2) (4, 3) 
(1, 0) (2, 0) 
(0, 8) (1, 8) 
(6, 5) 
(3, 5) (3, 4) 
(0, 1) (0, 2) 
(8, 3) (8, 2) (8, 4) 
(7, 0) 
(4, 6) 
(6, 7) 
(5, 2) (6, 2) 
(6, 1) (6, 2) 
(3, 1) 
(8, 2) 
(2, 4) (3, 4) 
(3, 8) 
(2, 0) 
(1, 8) (1, 7) 
(6, 2) 
(4, 3) 
(1, 7) 
(8, 6) 
(0, 5) 
(3, 4) 
(0, 2) 
(8, 4) 
