#
# GMT Mon Apr 11 16:18:27 2011
# hypercube_graph_(6)
(0, 1, 0, 1, 1, 0) (0, 1, 0, 1, 1, 1) (1, 1, 0, 1, 1, 0) (0, 0, 0, 1, 1, 0) (0, 1, 1, 1, 1, 0) (0, 1, 0, 0, 1, 0) (0, 1, 0, 1, 0, 0) 
(0, 1, 1, 1, 0, 1) (0, 1, 1, 0, 0, 1) (1, 1, 1, 1, 0, 1) (0, 1, 1, 1, 1, 1) (0, 0, 1, 1, 0, 1) (0, 1, 0, 1, 0, 1) (0, 1, 1, 1, 0, 0) 
(1, 1, 0, 0, 1, 0) (1, 0, 0, 0, 1, 0) (0, 1, 0, 0, 1, 0) (1, 1, 0, 0, 1, 1) (1, 1, 0, 1, 1, 0) (1, 1, 0, 0, 0, 0) (1, 1, 1, 0, 1, 0) 
(0, 0, 1, 0, 1, 0) (1, 0, 1, 0, 1, 0) (0, 0, 0, 0, 1, 0) (0, 0, 1, 0, 0, 0) (0, 1, 1, 0, 1, 0) (0, 0, 1, 0, 1, 1) (0, 0, 1, 1, 1, 0) 
(0, 1, 1, 0, 0, 0) (0, 1, 1, 0, 0, 1) (1, 1, 1, 0, 0, 0) (0, 0, 1, 0, 0, 0) (0, 1, 1, 0, 1, 0) (0, 1, 0, 0, 0, 0) (0, 1, 1, 1, 0, 0) 
(1, 0, 0, 0, 0, 0) (1, 0, 1, 0, 0, 0) (0, 0, 0, 0, 0, 0) (1, 0, 0, 0, 0, 1) (1, 0, 0, 0, 1, 0) (1, 0, 0, 1, 0, 0) (1, 1, 0, 0, 0, 0) 
(0, 1, 1, 1, 1, 1) (0, 0, 1, 1, 1, 1) (0, 1, 0, 1, 1, 1) (0, 1, 1, 1, 1, 0) (1, 1, 1, 1, 1, 1) (0, 1, 1, 0, 1, 1) 
(1, 0, 1, 1, 1, 0) (1, 0, 1, 0, 1, 0) (1, 0, 1, 1, 1, 1) (1, 0, 1, 1, 0, 0) (1, 1, 1, 1, 1, 0) (1, 0, 0, 1, 1, 0) (0, 0, 1, 1, 1, 0) 
(1, 1, 1, 1, 1, 0) (1, 1, 0, 1, 1, 0) (1, 1, 1, 1, 0, 0) (0, 1, 1, 1, 1, 0) (1, 1, 1, 1, 1, 1) (1, 1, 1, 0, 1, 0) 
(1, 0, 0, 1, 1, 1) (1, 1, 0, 1, 1, 1) (1, 0, 1, 1, 1, 1) (1, 0, 0, 0, 1, 1) (0, 0, 0, 1, 1, 1) (1, 0, 0, 1, 0, 1) (1, 0, 0, 1, 1, 0) 
(0, 1, 1, 0, 1, 1) (0, 1, 1, 0, 0, 1) (0, 1, 0, 0, 1, 1) (0, 1, 1, 0, 1, 0) (1, 1, 1, 0, 1, 1) (0, 0, 1, 0, 1, 1) 
(0, 0, 1, 1, 0, 0) (0, 0, 1, 0, 0, 0) (0, 0, 1, 1, 0, 1) (1, 0, 1, 1, 0, 0) (0, 0, 0, 1, 0, 0) (0, 1, 1, 1, 0, 0) (0, 0, 1, 1, 1, 0) 
(1, 0, 0, 1, 1, 0) (1, 0, 0, 0, 1, 0) (1, 1, 0, 1, 1, 0) (0, 0, 0, 1, 1, 0) (1, 0, 0, 1, 0, 0) 
(1, 0, 1, 1, 0, 1) (1, 0, 1, 1, 1, 1) (1, 1, 1, 1, 0, 1) (1, 0, 0, 1, 0, 1) (0, 0, 1, 1, 0, 1) (1, 0, 1, 1, 0, 0) (1, 0, 1, 0, 0, 1) 
(0, 0, 1, 0, 1, 1) (1, 0, 1, 0, 1, 1) (0, 0, 0, 0, 1, 1) (0, 0, 1, 0, 0, 1) (0, 0, 1, 1, 1, 1) 
(1, 1, 1, 0, 1, 0) (1, 1, 1, 0, 0, 0) (1, 0, 1, 0, 1, 0) (0, 1, 1, 0, 1, 0) (1, 1, 1, 0, 1, 1) 
(0, 1, 1, 0, 0, 1) (1, 1, 1, 0, 0, 1) (0, 0, 1, 0, 0, 1) (0, 1, 0, 0, 0, 1) 
(1, 0, 1, 0, 0, 0) (1, 1, 1, 0, 0, 0) (1, 0, 1, 0, 1, 0) (0, 0, 1, 0, 0, 0) (1, 0, 1, 1, 0, 0) (1, 0, 1, 0, 0, 1) 
(0, 0, 1, 1, 1, 1) (1, 0, 1, 1, 1, 1) (0, 0, 0, 1, 1, 1) (0, 0, 1, 1, 0, 1) (0, 0, 1, 1, 1, 0) 
(0, 0, 0, 1, 1, 0) (0, 0, 0, 1, 1, 1) (0, 0, 0, 1, 0, 0) (0, 0, 0, 0, 1, 0) (0, 0, 1, 1, 1, 0) 
(1, 0, 1, 1, 1, 1) (1, 0, 1, 0, 1, 1) (1, 1, 1, 1, 1, 1) 
(0, 1, 1, 1, 0, 0) (1, 1, 1, 1, 0, 0) (0, 1, 1, 1, 1, 0) (0, 1, 0, 1, 0, 0) 
(0, 0, 1, 0, 0, 0) (0, 0, 0, 0, 0, 0) (0, 0, 1, 0, 0, 1) 
(1, 1, 1, 0, 0, 1) (1, 1, 1, 0, 0, 0) (1, 1, 1, 1, 0, 1) (1, 1, 0, 0, 0, 1) (1, 1, 1, 0, 1, 1) (1, 0, 1, 0, 0, 1) 
(0, 1, 1, 0, 1, 0) (0, 1, 0, 0, 1, 0) (0, 1, 1, 1, 1, 0) 
(1, 0, 1, 0, 1, 1) (1, 0, 1, 0, 1, 0) (1, 1, 1, 0, 1, 1) (1, 0, 1, 0, 0, 1) (1, 0, 0, 0, 1, 1) 
(0, 0, 1, 1, 0, 1) (0, 0, 1, 0, 0, 1) (0, 0, 0, 1, 0, 1) 
(1, 1, 1, 1, 0, 0) (1, 1, 1, 0, 0, 0) (1, 1, 1, 1, 0, 1) (1, 1, 0, 1, 0, 0) (1, 0, 1, 1, 0, 0) 
(1, 0, 1, 1, 0, 0) (1, 0, 0, 1, 0, 0) 
(0, 1, 0, 0, 1, 0) (0, 1, 0, 0, 1, 1) (0, 0, 0, 0, 1, 0) (0, 1, 0, 0, 0, 0) 
(1, 1, 1, 0, 1, 1) (1, 1, 0, 0, 1, 1) (1, 1, 1, 1, 1, 1) 
(1, 0, 1, 0, 0, 1) (1, 0, 0, 0, 0, 1) (0, 0, 1, 0, 0, 1) 
(0, 0, 0, 1, 1, 1) (0, 1, 0, 1, 1, 1) (0, 0, 0, 0, 1, 1) (0, 0, 0, 1, 0, 1) 
(0, 0, 1, 1, 1, 0) (0, 1, 1, 1, 1, 0) 
(1, 1, 1, 1, 1, 1) (1, 1, 0, 1, 1, 1) (1, 1, 1, 1, 0, 1) 
(0, 0, 0, 0, 0, 0) (0, 0, 0, 0, 1, 0) (0, 1, 0, 0, 0, 0) (0, 0, 0, 1, 0, 0) (0, 0, 0, 0, 0, 1) 
(1, 1, 1, 0, 0, 0) (1, 1, 0, 0, 0, 0) 
(1, 0, 1, 0, 1, 0) (1, 0, 0, 0, 1, 0) 
(0, 1, 1, 1, 1, 0) 
(1, 1, 1, 1, 0, 1) (1, 1, 0, 1, 0, 1) 
(1, 1, 0, 1, 1, 0) (1, 1, 0, 1, 0, 0) (1, 1, 0, 1, 1, 1) 
(0, 0, 0, 0, 1, 1) (0, 1, 0, 0, 1, 1) (1, 0, 0, 0, 1, 1) (0, 0, 0, 0, 0, 1) (0, 0, 0, 0, 1, 0) 
(1, 0, 0, 1, 0, 1) (1, 0, 0, 0, 0, 1) (1, 0, 0, 1, 0, 0) (1, 1, 0, 1, 0, 1) (0, 0, 0, 1, 0, 1) 
(0, 1, 0, 0, 0, 1) (0, 1, 0, 0, 1, 1) (0, 1, 0, 0, 0, 0) (0, 1, 0, 1, 0, 1) (1, 1, 0, 0, 0, 1) (0, 0, 0, 0, 0, 1) 
(0, 0, 0, 1, 0, 0) (1, 0, 0, 1, 0, 0) (0, 1, 0, 1, 0, 0) (0, 0, 0, 1, 0, 1) 
(1, 1, 0, 1, 0, 1) (1, 1, 0, 1, 1, 1) (1, 1, 0, 1, 0, 0) (0, 1, 0, 1, 0, 1) (1, 1, 0, 0, 0, 1) 
(0, 1, 0, 1, 0, 0) (0, 1, 0, 0, 0, 0) (1, 1, 0, 1, 0, 0) (0, 1, 0, 1, 0, 1) 
(0, 0, 0, 0, 0, 1) (1, 0, 0, 0, 0, 1) (0, 0, 1, 0, 0, 1) (0, 0, 0, 1, 0, 1) 
(1, 1, 0, 0, 0, 0) (0, 1, 0, 0, 0, 0) (1, 1, 0, 1, 0, 0) (1, 1, 0, 0, 0, 1) 
(0, 1, 0, 0, 1, 1) (1, 1, 0, 0, 1, 1) (0, 1, 0, 1, 1, 1) 
(1, 0, 0, 0, 1, 0) (1, 0, 0, 0, 1, 1) (0, 0, 0, 0, 1, 0) 
(1, 1, 0, 1, 1, 1) (0, 1, 0, 1, 1, 1) (1, 1, 0, 0, 1, 1) 
(0, 1, 0, 1, 1, 1) (0, 1, 0, 1, 0, 1) 
(0, 0, 0, 0, 1, 0) 
(1, 1, 0, 0, 1, 1) (1, 1, 0, 0, 0, 1) (1, 0, 0, 0, 1, 1) 
(0, 1, 0, 0, 0, 0) 
(1, 0, 0, 0, 0, 1) (1, 0, 0, 0, 1, 1) (1, 1, 0, 0, 0, 1) 
(1, 1, 0, 1, 0, 0) (1, 0, 0, 1, 0, 0) 
(0, 0, 1, 0, 0, 1) 
(0, 1, 0, 1, 0, 1) (0, 0, 0, 1, 0, 1) 
(1, 0, 0, 1, 0, 0) 
(1, 1, 0, 0, 0, 1) 
(0, 0, 0, 1, 0, 1) 
(1, 0, 0, 0, 1, 1) 
