#
# GMT Mon Apr 11 16:39:23 2011
# Powerlaw-Cluster Graph
0 83 8 9 74 11 12 13 15 17 18 19 53 24 72 60 29 62 
1 8 9 10 11 12 13 14 19 20 24 26 27 30 34 35 38 41 42 48 49 51 54 55 68 71 91 
2 8 9 12 13 15 16 17 18 19 21 25 26 37 39 40 41 44 46 62 66 69 72 79 
3 96 83 8 9 10 11 12 46 79 80 17 82 51 73 23 57 92 29 
4 64 98 35 36 69 39 8 9 10 45 49 53 22 24 57 26 27 60 72 
5 8 10 11 12 14 15 16 17 21 25 28 30 31 39 40 41 42 45 48 53 54 57 72 84 86 90 98 
6 98 8 9 10 44 50 41 56 89 26 
7 8 9 10 11 13 14 16 17 21 22 28 29 30 34 35 40 45 49 51 55 56 59 60 61 65 73 79 80 83 85 87 97 
8 9 10 11 13 14 15 16 17 18 20 21 22 23 24 25 26 28 29 30 31 32 33 34 35 36 40 41 43 44 47 50 51 53 55 56 59 60 63 66 68 69 74 75 77 82 84 86 92 94 98 
9 10 11 12 13 15 16 18 19 20 22 23 24 25 28 31 44 46 55 57 58 59 62 67 92 
10 11 12 14 15 21 22 23 24 25 26 27 28 30 32 38 41 47 48 49 50 55 56 57 60 61 65 77 79 81 84 85 88 89 91 94 95 
11 12 13 14 15 16 20 21 23 25 26 29 31 35 41 47 52 53 55 58 63 64 67 71 72 73 81 83 85 86 90 93 94 96 
12 13 14 17 18 20 24 25 27 28 29 33 38 39 44 46 57 62 64 69 71 73 79 86 87 
13 18 19 20 21 23 29 32 33 37 43 44 47 49 50 51 52 58 61 64 77 82 84 
14 20 25 26 28 29 30 32 33 34 36 38 45 49 50 52 65 66 67 68 76 87 88 93 95 97 
15 16 17 18 19 21 22 33 34 35 36 37 52 66 74 76 88 
16 18 19 22 31 32 35 39 42 50 53 56 60 62 63 73 84 89 90 94 96 
17 32 70 84 55 33 31 
18 39 43 19 54 23 58 
19 67 36 38 75 46 81 23 58 
20 32 43 42 24 27 95 
21 27 32 33 34 37 39 42 43 49 57 65 68 72 78 91 
22 40 85 54 36 92 31 
23 51 77 49 94 
24 37 33 43 42 30 
25 36 81 48 40 78 69 
26 96 38 81 88 31 
27 51 42 
28 
29 
30 34 65 
31 61 
32 64 68 37 71 75 78 54 40 92 93 95 
33 34 36 37 48 51 52 57 59 63 66 67 68 74 77 80 
34 35 38 39 43 47 48 52 61 66 68 70 76 78 80 81 87 91 95 
35 79 50 48 55 56 59 92 63 
36 83 67 37 97 45 80 40 52 89 58 47 69 
37 43 45 46 59 62 64 65 70 71 74 78 83 84 85 
38 58 96 70 65 76 71 45 97 86 91 42 62 
39 96 70 41 46 44 54 90 78 94 63 
40 59 76 44 54 
41 97 73 70 93 77 48 50 53 89 90 60 74 95 
42 81 72 73 75 45 56 89 
43 67 47 80 
44 77 54 56 61 62 
45 75 82 46 87 90 74 
46 87 61 69 
47 84 
48 75 89 59 63 
49 65 79 
50 77 82 58 60 
51 98 82 
52 64 76 
53 88 92 93 
54 75 78 61 94 95 
55 80 83 
56 
57 64 
58 70 
59 75 79 94 
60 98 85 74 
61 
62 
63 
64 68 69 
65 66 71 91 70 
66 73 72 85 88 90 
67 96 97 85 95 
68 78 93 
69 80 92 
70 71 
71 76 82 86 
72 76 98 91 
73 81 
74 
75 98 87 89 90 
76 97 87 91 
77 82 
78 
79 
80 96 83 86 
81 93 88 
82 
83 97 
84 86 
85 
86 
87 
88 
89 
90 
91 
92 
93 
94 
95 
96 
97 
98 
